0.00000 -0.00004 0.00002 -0.00007 -0.00001 0.00001 -0.15991 0.00001 0.01099 0.00007 0.00000 0.00000
0.07548 0.00000 0.02364 0.00575 0.17120 0.08685 -0.10011 0.25287 0.16658 -0.58963 -0.37242 -0.09515
0.09448 -0.00007 0.00000 -0.00000 0.10971 -0.00001 -0.00482 0.05292 -0.08220 0.00002 0.39920 0.00000
0.00473 -0.00002 -1.17374 0.00000 -0.22730 0.00036 -0.28107 -0.16463 0.00694 0.18623 -0.04667 0.00001
-0.45019 -0.00003 0.00004 -0.00003 0.00000 0.00001 -0.07243 0.14503 -0.09920 0.00007 0.00001 -0.00003
0.13822 -0.00002 0.10169 -0.00018 0.15999 0.00000 -0.01366 0.15181 0.00153 0.00001 0.18727 -0.00001
-0.00001 0.00000 0.00033 -0.00002 0.00003 0.00007 0.00000 0.00000 0.14178 0.00000 0.00004 -0.00006
0.41009 -0.00000 0.00013 -0.00005 0.00001 0.00003 0.99839 0.00000 -0.15700 0.00002 0.00002 -0.00005
0.00060 0.00001 -0.00003 -0.00002 -0.00002 -0.00015 -0.00000 -0.00000 0.00000 0.00005 0.00005 -0.00003
-0.04350 -0.00001 0.23238 -0.00001 -0.10318 0.51859 -0.11145 -0.15450 0.08636 0.00000 0.22917 -0.00001
0.48263 -0.00002 0.00001 -0.00002 0.53074 0.00000 -0.06505 0.26603 0.03766 0.00003 0.00000 -0.00001
0.24184 -0.00003 1.53990 0.81905 -0.28305 -0.46990 0.10342 -0.19283 -0.16004 -0.42015 0.03420 0.00000
