Cluster Centers:
[  1.03919627e-02   5.74433553e-03   3.74001947e-03   2.49664328e-03
   1.89747541e-03   1.54995925e-03   1.22523618e-02   1.41079643e-02
   1.25389813e-02   7.60255370e-03   2.85079877e-03   1.11295342e-03
   3.81892073e-03   9.02178339e-03   1.29887918e-02   1.13114450e-02
   4.50467373e-03   7.90115210e-04   1.23335756e-03   7.62368872e-03
   1.49763985e-02   1.07552342e-02   4.38359283e-03   9.13568909e-04
   7.67423381e-04   4.38400640e-03   8.55076910e-03   6.96171111e-03
   3.22766232e-03   5.56475600e-04   5.32688745e-03   1.59184685e-02
   2.55014745e-02   1.69052133e-02   5.71634025e-03   5.76130897e-04
   3.70671882e-02   4.08098743e-02   2.32119151e-02   6.42347696e-03
   1.27835170e-03   9.23636167e-05]
[  5.74653028e-02   2.29545855e-02   5.01526669e-03   1.22724175e-03
   4.48314585e-04   1.75054053e-04   3.09356028e-01   1.23636831e-01
   2.31441692e-02   3.53366945e-03   5.14449180e-04   9.01413642e-05
   1.08395808e-02   7.57436755e-03   3.38051763e-03   1.10021018e-03
   1.80682113e-04   1.95920202e-05   6.72889657e-04   1.63240947e-03
   1.66326028e-03   5.98748721e-04   1.41562719e-04   1.91369253e-05
   3.72164886e-04   1.07891589e-03   1.19187956e-03   6.57664567e-04
   2.09825840e-04   2.17294234e-05   5.41087855e-03   6.35087927e-03
   3.66312122e-03   1.43230721e-03   3.20994336e-04   2.53689955e-05
   2.74060977e-02   1.67912134e-02   4.41824139e-03   9.20802256e-04
   1.20842530e-04   6.97650785e-06]
[  9.04922187e-02   3.04178263e-01   2.56881038e-01   6.58440120e-02
   1.41219702e-02   5.56002376e-03   1.67819869e-02   5.64913447e-02
   5.70989032e-02   1.97140674e-02   4.18492003e-03   1.13617486e-03
   2.17790189e-04   7.76847805e-04   1.75495506e-03   1.76315954e-03
   5.62081989e-04   9.14290858e-05   5.73647745e-05   3.64548036e-04
   1.15719568e-03   9.69917792e-04   3.27038127e-04   4.58913067e-05
   1.06996086e-04   4.12387136e-04   9.70336537e-04   8.82276191e-04
   3.33515289e-04   4.39347231e-05   7.99076791e-04   1.76216160e-03
   2.32998909e-03   1.41500217e-03   3.97506476e-04   4.36573125e-05
   2.81516634e-03   3.60663705e-03   1.96526943e-03   5.70235196e-04
   9.83498315e-05   8.66168152e-06]
[  4.26002929e-03   2.01044301e-02   9.80333217e-02   2.67174834e-01
   2.46025227e-01   1.60592339e-01   2.66918863e-03   1.39465779e-02
   4.19405166e-02   6.12324426e-02   3.32229149e-02   1.23540036e-02
   1.38809799e-04   6.61019561e-04   1.97610864e-03   3.25032374e-03
   1.88352853e-03   5.47613785e-04   2.73124712e-05   2.24923765e-04
   7.53295696e-04   9.79802319e-04   6.11077764e-04   2.13359103e-04
   2.26914453e-05   1.54281350e-04   4.06794678e-04   4.74929986e-04
   2.91733401e-04   1.08269410e-04   1.65885373e-04   4.92353836e-04
   6.99700001e-04   5.74639785e-04   2.58684095e-04   6.15766002e-05
   5.03333234e-04   8.41569364e-04   5.62936524e-04   1.97353186e-04
   5.12811933e-05   4.54431624e-06]
[  8.35405559e-03   2.43002772e-02   4.88731693e-02   3.26917172e-02
   1.06692525e-02   5.03926238e-03   2.14907883e-02   1.45446047e-01
   3.49179514e-01   1.27162442e-01   1.54232654e-02   3.07656191e-03
   2.39821360e-03   1.31109273e-02   2.84200757e-02   2.05507309e-02
   4.61214027e-03   4.56265377e-04   3.59347932e-04   2.36854152e-03
   6.79827674e-03   5.91520699e-03   1.66940336e-03   2.19774181e-04
   1.17307674e-04   8.93629438e-04   2.56685080e-03   2.36597717e-03
   8.75346625e-04   1.18771519e-04   7.05444507e-04   2.70746890e-03
   4.74707594e-03   3.26198342e-03   9.40325886e-04   1.01684865e-04
   2.08093318e-03   3.92710393e-03   3.19452576e-03   1.24170239e-03
   2.51332929e-04   1.43562959e-05]
[  1.98859954e-03   6.14700292e-03   2.13680710e-02   5.92696856e-02
   4.00180853e-02   1.83135831e-02   4.22870185e-03   2.83413979e-02
   1.45807053e-01   3.41194254e-01   1.18126134e-01   2.33193218e-02
   8.17099681e-04   5.71556916e-03   2.58383336e-02   4.43747302e-02
   2.01312552e-02   2.84893663e-03   1.71239587e-04   1.41037830e-03
   4.84102775e-03   7.15328821e-03   4.00821235e-03   6.95874517e-04
   6.21994116e-05   4.93922454e-04   1.55256491e-03   2.10718114e-03
   1.34829129e-03   2.53398211e-04   3.16526006e-04   1.18300629e-03
   2.05192389e-03   2.21355742e-03   1.26529266e-03   1.89942412e-04
   7.82784537e-04   1.40550286e-03   1.07582517e-03   5.82168274e-04
   2.78959117e-04   2.42707918e-05]
[  3.12722714e-02   4.45914182e-02   2.45927051e-02   8.49110488e-03
   3.94528730e-03   2.14902417e-03   9.92193533e-02   2.79572236e-01
   1.40126696e-01   2.56380437e-02   4.44758050e-03   1.10292984e-03
   7.48770815e-03   1.79496511e-02   1.67211393e-02   7.41644396e-03
   1.48710414e-03   2.37241288e-04   7.68068929e-04   3.61656648e-03
   6.15367021e-03   3.06864057e-03   7.74376801e-04   1.41741832e-04
   2.97904546e-04   1.62325967e-03   2.73606594e-03   1.67644372e-03
   5.77075316e-04   9.09116439e-05   2.37760577e-03   6.64785092e-03
   6.82161770e-03   2.96448325e-03   7.38661501e-04   8.83020584e-05
   9.42466672e-03   1.43131710e-02   7.22754829e-03   1.62949887e-03
   2.13771421e-04   1.31035503e-05]
[  4.34335770e-01   1.37310323e-01   2.52719717e-02   4.97562620e-03
   1.29077548e-03   4.62166502e-04   4.62070128e-02   3.05391464e-02
   1.15069309e-02   3.24769766e-03   7.24955223e-04   1.61598112e-04
   3.48186965e-04   5.75768094e-04   6.01435530e-04   4.32123160e-04
   1.28058979e-04   1.88589435e-05   9.56916689e-05   2.73533920e-04
   5.39569702e-04   3.63188350e-04   1.29804447e-04   1.30451078e-05
   2.88340117e-04   3.78920392e-04   6.30414064e-04   4.74650314e-04
   1.86043347e-04   1.86041869e-05   3.44222867e-03   2.50828234e-03
   1.90986409e-03   9.47573897e-04   2.64366587e-04   2.00957737e-05
   1.82777254e-02   8.13406222e-03   2.31052760e-03   5.21139440e-04
   6.97162058e-05   4.66483727e-06]
[  3.94751069e-03   1.62975317e-03   6.31119000e-04   2.28565446e-04
   1.27282717e-04   1.09182339e-04   5.32902698e-03   3.88563709e-03
   1.64231348e-03   5.54598598e-04   1.83033974e-04   9.06838116e-05
   1.31120423e-03   2.05919759e-03   1.11092738e-03   4.16977039e-04
   1.25519887e-04   4.77772434e-05   3.18368738e-04   1.59249991e-03
   1.77981575e-03   7.10533598e-04   2.52512702e-04   9.26275478e-05
   2.75998834e-04   1.47153352e-03   2.01001262e-03   1.23191557e-03
   5.71306386e-04   1.45919292e-04   4.42078321e-03   1.46494527e-02
   2.31634521e-02   1.19376163e-02   3.90255769e-03   3.17234229e-04
   1.72755090e-01   1.47011783e-01   5.26524426e-02   1.29419932e-02
   2.13257186e-03   1.09774400e-04]
[  3.41838347e-04   6.43356154e-04   7.68077978e-04   2.48168223e-04
   4.45370603e-05   2.25252382e-05   7.76709996e-04   2.20879547e-03
   2.58038797e-03   8.49498570e-04   1.20575069e-04   2.56865017e-05
   1.76009367e-04   9.03916753e-04   1.46511001e-03   7.29112960e-04
   1.36020161e-04   1.91470730e-05   3.36815813e-05   4.82770906e-04
   1.66905855e-03   1.21751305e-03   2.99822206e-04   5.31161840e-05
   1.34219972e-05   3.03248584e-04   1.50166314e-03   1.44489819e-03
   5.25703693e-04   8.66119405e-05   2.25032199e-04   4.32611981e-03
   2.91109763e-02   2.79000471e-02   8.00271041e-03   4.46289706e-04
   3.75857662e-02   1.69881818e-01   3.10613459e-01   1.70838834e-01
   3.04005642e-02   5.35627730e-04]