1.460471
1.420329
0.8379298
0.7721443
0.1118259
1.299323
0.8678573
-0.4235587
0.5549691
0.6108834
0.9320658
0.6587505
0.5563143
1.181146
1.704252
0.3610882
1.025408
1.511167
0.8466397
0.5887109
0.6992955
1.057394
0.6818604
-0.5168701
0.5715883
1.460669
2.304238
2.06794
0.9593086
0.08526408
1.170323
0.398349
1.568402
0.9600754
-0.1795051
0.9645045
-0.08819897
0.123202
0.7534795
-0.008959896
0.6283817
1.407692
0.6129602
1.064168
-0.2666315
0.2478136
-0.7523704
-1.30762
-0.6740835
-1.228931
-1.143754
-1.500214
-0.7824082
-0.1259132
-0.3631818
-0.4761198
0.1933096
-0.5314443
-1.111536
-0.4855021
-2.676573
-2.555496
-1.673582
-2.641262
-1.989569
-1.404959
-2.110657
-0.857706
-1.712962
-0.2233306
-1.556423
-0.4497412
1.002295
0.1430518
0.7398056
-0.4806209
1.094811
0.5053124
0.4065112
0.7186269
0.3883543
-0.5767962
1.679843
0.6788799
0.8686975
0.1037437
0.2574002
0.6434177
0.1747721
0.7113488
0.2248866
0.9593579
1.397161
1.107552
2.123072
1.529791
2.195376
2.66206
0.8601698
0.1455178
0.9778258
0.9086345
0.3695208
0.5881063
1.499681
0.8282862
0.9965309
1.455465
0.5215316
0.5643104
0.1722218
-1.136581
-1.36331
-1.298051
-0.4186154
-1.193906
-0.7207062
-0.7581891
-1.771867
-1.145454
-1.287416
-1.197634
-2.430272
-0.7726702
-0.3526025
-1.445479
-0.624087
0.04200443
-0.6334794
-0.4227444
-0.07435502
-0.515615
0.9338076
1.128795
1.103021
0.2659643
0.08344016
0.5556773
0.0910118
-0.04674344
0.7378924
-0.140424
1.137715
0.8298112
1.194238
1.710886
1.612103
0.827403
0.158714
-0.3681308
-0.0886245
1.290272
0.4873661
1.291862
0.446858
0.3031231
0.543939
0.6153764
0.6791925
0.4266112
-0.02789871
0.9390737
0.6459496
-0.159059
-0.2783425
1.089206
0.2704756
1.083123
-0.1262841
-0.1191378
-0.4864948
-0.3256075
0.3327634
-0.4786203
-0.5163506
-0.719291
-1.409325
-0.4055264
-0.4496104
-0.5504003
-0.07074801
0.0789469
-0.351906
0.179426
-0.2699515
0.1788593
0.3454457
-0.2395837
-0.8608192
-1.351761
-0.3219412
0.3455728
-1.101435
-1.484874
-0.4858511
-0.7548294
-1.843211
-1.697613
-2.481781
-1.459724
-1.344311
-2.111417
-1.892819
-2.056308
-0.005798442
-0.7081754
0.02359445
-0.5083494
-0.6477877
-1.148118
-1.008933
-1.33136
-0.7895386
-0.5129856
-0.2537584
0.3029078
-1.286692
-0.7375
0.4401323
0.1099005
-0.7780715
-1.180982
0.4200781
-0.01975096
-0.9569052
-1.225844
-1.768168
-1.121205
-0.7733549
-0.4177211
-0.9934158
-0.950137
-0.4640591
-1.549973
-1.597525
-1.71301
-1.47595
-1.253127
-1.584241
-1.447323
-1.486135
-2.034014
-2.332648
-0.9957788
-0.5618138
-0.8016905
-0.02523434
-0.5892053
-0.4399126
0.3676287
-0.8701497
-1.379374
-0.8874147
-2.606344
-2.083551
-0.5855166
0.7379369
1.608955
0.2932757
0.09624489
0.190017
0.830738
-0.4605284
0.7421683
-1.724052
-0.06390928
-0.9783975
0.493238
0.08347539
0.94261
0.4706604
1.08068
0.6355507
-0.3568927
0.1786255
0.613734
0.8215191
0.8705962
1.480014
1.01917
-0.002074549
1.222525
1.057302
1.670717
0.5453723
0.8196081
2.29116
1.263541
1.660406
1.320484
0.89068
1.154287
0.3460191
-1.159002
0.07957547
0.1601947
-0.2010919
-0.1475138
0.5301272
0.677946
0.2982384
-0.02238711
0.3062615
0.9129865
0.218019
1.449092
-0.8555815
0.6244762
-0.08223405
-0.05697639
0.01825319
0.09709015
0.6189102
1.305629
0.6981629
0.8054855
-0.4196904
-1.494555
-0.2536776
-0.6858236
-0.1424786
-0.5723766
-0.1995275
-1.556152
-1.803931
-1.017376
-1.587443
-1.341369
-1.681064
0.1774579
-1.416727
-1.551183
-1.047029
-0.1769679
-1.319412
-0.3844435
1.265197
0.2545309
-0.04175315
-0.7700664
-0.1679523
-1.145553
-0.8323119
-0.533338
-0.5766586
-1.147247
-0.1862899
-0.8199248
-0.446279
-1.21775
-1.498942
-0.3545772
-0.6039294
-0.2022359
-0.4572632
-0.1693442
0.2294931
0.5013645
-0.3535438
-0.6079417
0.3218683
-0.8312995
0.005245061
0.3464302
1.037421
-0.4879984
2.005811
1.166218
1.660022
1.075039
0.8358612
0.9375896
1.934156
1.185166
1.160058
0.5625821
0.4570992
0.4993896
0.09068212
-0.6170996
-0.7146555
-0.5789822
-1.209985
-2.537756
-1.549796
-1.135722
-0.5376168
-0.5713311
0.6536642
0.7552285
0.2555773
0.6326584
0.3702986
-0.2255536
-0.0193753
-0.398257
-1.531639
-1.787242
-0.6992149
-0.8936551
-0.2754194
-1.285413
0.3188321
0.4762445
0.6237523
-0.2457185
0.7127861
0.4503453
1.381073
0.3062668
0.5696051
0.4169328
0.5026053
1.188814
0.2083918
0.1069178
-0.4444338
0.4109704
0.7080056
0.4947103
-0.1152052
0.3610456
-0.07817426
0.2611373
-0.9824961
-1.177079
0.382408
-1.310377
0.01114963
-0.843138
-0.7350953
0.07264712
1.461055
1.596905
2.155928
1.149719
1.990681
1.618644
0.5518843
1.44135
0.9919358
0.9543687
1.647285
1.422614
-0.1774746
1.05012
0.01536345
0.699329
-0.419206
-0.5140876
-0.5052686
0.219277
-0.3748119
0.8174239
-0.4468929
0.7014947
-0.8764794
-1.017856
-1.288953
0.6538436
1.239766
1.075452
1.265962
0.3125144
0.9247796
0.5452893
1.169912
0.6591321
-0.7158209
0.907697
0.05581552
0.41139
0.8759511
0.3440233
0.5563153
0.4028547
0.6689511
0.2178851
0.9871076
0.7880493
