0.275975
2.18186
-0.6987197
-0.6109249
-0.6056236
-0.7820705
-0.966391
-0.4618526
-0.9751623
-1.056034
-1.552692
-2.34128
1.083477
0.7423925
1.227466
-0.5430538
-0.4325906
0.6799388
0.3287187
0.2623673
0.9426782
0.685506
0.3684652
2.457408
-2.013124
-2.238448
-2.063758
-0.2959826
-0.3897781
-0.2205381
-0.4899293
-0.857338
-0.4337612
-0.268663
-1.927808
-1.058538
2.809702
1.153271
0.7075948
0.8745221
-0.511584
0.4471074
-0.2268479
0.5443779
0.02296533
-0.3937118
0.6516895
-0.04632322
-0.5848135
-0.4591779
-0.08180318
0.1402995
1.090043
-0.07160343
-0.1518673
-0.5764954
-0.1439604
-0.3947961
-1.008084
2.79774
0.3640902
-2.652086
0.3003436
-1.207149
-0.1315162
-0.1944957
-0.2591574
-0.7487091
0.5574619
-0.229555
0.1448484
0.7567876
0.80438
1.339233
-0.2793261
-0.03745658
-0.2372661
0.3388692
0.3910429
0.3942641
0.231944
-0.01098148
2.056722
1.322842
-0.04638223
0.8522753
0.2781215
0.1887291
-0.06116562
0.8846045
0.5773353
0.8726389
1.130156
0.6308029
2.353187
-0.1407523
-2.063395
-2.241587
-0.8896334
-1.71241
-0.7648464
-0.5593002
-0.3270837
0.328532
-0.8025207
-0.03230159
-1.232328
-2.491693
1.311249
1.233952
0.0004783904
-0.02342259
-0.1373614
-0.3112311
0.08873595
-0.1302533
0.2976784
0.7005259
0.1908706
0.7767158
-0.6589914
1.086053
1.538518
0.1448319
-0.09886764
0.1000904
-0.4148269
0.0835737
0.08309097
-0.09246705
0.9880985
1.980921
-0.2764233
0.7705337
-0.4460584
0.7672796
0.9305177
0.3613735
0.4485072
0.5144004
0.319428
0.9272718
0.8571157
1.942974
2.008328
-0.3524339
0.2031425
-0.1817878
-0.2528766
-0.3648021
-0.03231049
-0.3992288
0.4576228
1.226444
1.458653
0.5249676
-0.7929682
-0.08810329
-0.18414
0.8128149
0.2620775
0.8652694
1.140052
0.7986555
0.6642396
0.5840436
0.2340356
0.7932665
-0.325595
1.194877
-0.1686988
0.2075072
-0.2628187
0.1592983
0.2205676
-0.1513596
0.7107011
0.7163719
0.7581796
-0.1600497
2.466866
2.372107
-1.143152
-0.1502433
-0.4052218
-0.9596773
-0.5023512
-0.2062398
-0.8805919
-1.208654
-1.250457
-1.828812
-1.16695
-0.1376314
-0.3711126
-0.009728994
0.09509677
-0.874823
0.1213999
-0.4331461
0.1932798
-0.5886681
1.203243
0.6892188
1.355186
-0.7678518
0.9159855
0.01816416
0.5926462
-0.3148875
-0.1288781
-0.4265372
-0.380078
-0.01691015
0.4057964
-0.001365856
0.1856126
-0.8823012
-0.03920843
-0.005225488
0.2293167
-0.6672516
-0.5367658
-0.2777684
-0.9065696
-0.4997464
-0.5920205
-2.360934
0.6857197
-1.887111
0.3098104
-0.6051732
-0.6492358
0.09629952
0.155133
-0.2395887
-0.1115205
0.001193284
-0.4282879
-0.2260341
0.2013887
-2.17651
-1.155728
-0.8931893
-0.3345042
-0.09382762
0.1893583
0.136753
0.1215299
0.3775504
-1.08103
-1.660332
0.3303767
-0.9666327
-1.221702
0.6827683
0.3406131
1.12504
0.524521
0.3859632
0.8986814
0.3199423
0.3255818
2.538847
-1.811768
-0.05468487
-0.9590396
-0.6436111
-1.213477
-0.3897489
-0.4432169
-0.711634
-0.8445192
-0.7662238
-1.835359
-2.490818
-0.6953788
-0.6904113
1.677015
0.9313031
1.421344
0.02150591
-0.004527797
0.3451265
0.03806322
1.073517
0.364893
-0.9204195
0.4639542
1.93098
1.61587
0.8394722
0.1048849
0.6754696
0.3234964
-0.3075421
0.0690021
-0.01377905
0.3400771
-0.9463063
1.324899
-1.020729
-0.4995391
-0.07584744
0.7517787
0.477788
0.1575128
0.62888
-0.5511697
-0.3983553
-0.8852752
0.3916568
0.9714908
-0.4520397
0.5359535
-0.8520502
0.3157926
-0.03059068
0.1945889
0.2418634
-0.1972485
-0.3843159
-0.5261788
-0.5532743
-2.440874
-0.4600575
-0.8999091
-1.681474
-0.6192211
-0.6551403
-0.378958
-0.05963163
0.2172452
0.2921837
0.310015
-1.948632
-0.6801242
2.129975
0.6158455
0.6513326
0.4330399
0.4853911
0.2170701
0.6514672
0.8727744
-0.159349
1.030193
1.67113
-0.3548533
0.8589072
1.125751
0.2670836
0.360421
0.3502434
0.2884243
0.01190785
0.4343915
-0.1719462
-0.3520204
2.117137
0.660579
-0.2191404
0.975238
0.1308174
1.1334
0.4150757
0.5723379
0.4905963
-0.6274514
0.787433
-1.709795
0.5477268
-1.145204
-1.45328
-2.391173
-2.211212
-0.5095363
-0.3472363
-0.6155667
-0.7080703
-0.2322345
-1.156379
-0.9476711
-0.8196
0.1823338
0.2507738
0.785562
0.193748
-0.106634
-0.2109873
-0.663882
-0.5216661
-0.6818399
-0.9075364
-0.8845201
-1.481735
-1.581087
-2.097382
-2.210965
-0.6429913
-0.8767112
-0.8487097
-1.026935
-0.5032965
-0.6815348
0.01524222
0.1070159
-0.4048244
0.5138151
-0.2776774
0.7346299
1.474311
0.1786747
-0.1274024
0.2432459
-0.00752653
-0.3830266
-0.06640849
0.9648529
2.858031
0.7382954
1.611458
1.864797
1.042391
0.1011951
-0.04242725
0.2379441
0.2439475
0.4651458
-0.4020197
1.75456
-0.6069648
-0.05736953
1.77571
-0.2697823
-0.5105007
-0.3326668
-0.3154602
-0.1107011
-0.2528882
-0.8261408
-0.4377154
-1.597377
-2.608438
-2.392392
-1.697549
-1.667533
-0.1553572
-0.9538987
-0.7796112
-0.7091151
-0.7693661
-1.165735
-0.9196637
-2.82561
-0.4806044
-1.550451
-1.048033
0.5657111
0.3886009
0.2265623
0.3104962
0.2813809
0.3731459
-0.2113435
-0.371675
0.919694
0.7526779
1.878545
2.818683
1.649037
3.28278
1.313896
1.365934
1.289849
1.447656
2.318377
2.623817
2.866783
0.6796741
