-1.966507
-1.302682
-1.031532
0.2213301
-0.9077291
-1.300205
0.4622779
0.07271713
-0.3642112
-0.575323
-0.405994
-2.047487
1.158728
0.2283183
1.335568
1.774177
2.129782
1.609293
1.56909
0.4676335
0.3084718
1.159751
1.133957
1.655558
0.1861078
-0.3718883
-2.423415
-0.4600957
-0.4958807
-0.3359745
0.5501594
0.9610549
-0.9815859
-0.2020376
-0.1936484
-0.5379172
-0.4808523
-0.4474356
-0.06841826
0.8704867
-0.009174906
-0.6918606
0.1831133
0.0547218
-0.8948197
-0.8086808
-1.131546
-0.4229028
-1.826369
0.9916292
-0.9676901
0.1137908
0.03191563
0.07747801
0.3752023
0.6565275
-0.6990916
-0.4846004
0.003544755
-0.4613
-0.8645993
0.6916887
0.9516101
0.02713034
0.9678518
0.8500791
1.379592
0.8582736
-0.2345776
-0.5908933
-1.250582
0.04978021
1.885376
0.2770154
2.302529
-0.07799577
0.5683786
0.1728112
-0.4914532
0.113718
-0.3941341
-0.5678744
0.3558231
-1.045599
0.09452853
1.986021
1.247441
1.312519
-0.7726385
0.6104732
0.8668659
0.6921754
0.7968661
0.6196099
0.5435727
0.2707558
0.7963344
-0.4264735
1.150743
-1.367943
0.8212909
0.8542768
0.1183139
0.000993171
-1.696332
-0.9247337
-0.449901
-1.320263
-1.322139
-0.03740875
1.301396
0.6122043
0.154738
1.428457
0.2240964
0.117508
-0.03088804
0.04628807
1.012915
0.8929685
-1.016352
-2.322419
-1.813124
-0.3564649
-0.2816525
0.7757493
0.4658484
0.03428096
-0.1795886
-0.3636044
0.3040477
-1.833353
0.2870193
-1.967871
-1.955466
0.8721122
0.154339
0.8384067
0.3215136
0.5158672
0.7278452
-0.1056346
0.9214805
1.869143
0.400118
2.298928
0.07776278
1.844284
2.445514
1.169171
-1.023748
-1.222312
-0.5194146
1.034815
0.1979423
1.232423
-0.03837147
-0.4052355
1.081646
0.2684132
-0.06363446
1.051151
0.005013504
-1.385852
0.4311078
1.264814
-0.1319059
0.2797614
-0.5429531
0.1472111
0.03990382
0.1049773
-0.5090705
-0.1510727
0.9801373
0.197134
0.6314836
0.3040807
1.747429
-0.02860898
-1.356972
-0.9699111
-0.9352646
-0.3684248
-1.14034
-1.080107
-2.425673
-1.269803
-1.564511
-0.05042681
-1.933022
-1.606868
-0.3431426
-2.423116
-0.1644575
0.4431072
0.09285375
0.6415609
-1.121146
-0.2720965
0.6809624
-1.236935
-0.1311713
0.1187234
-0.301154
0.7685934
0.8836859
-0.3656765
0.239604
-0.04655036
0.646479
-0.2720343
0.7797027
-0.07934195
-1.118761
-0.3319218
-0.8860226
-2.629725
-1.853285
-0.5682836
-1.288255
-0.8750735
-0.2895358
-0.8082923
0.1956249
-0.1620711
-0.9234055
-1.484374
-0.3920052
-1.691343
0.2157364
0.05799689
1.355785
0.8075986
1.219043
1.172241
0.5522328
1.279984
1.392181
1.216544
-0.1236387
1.286891
-0.02160493
-0.8175735
-1.18621
-0.8855228
-0.4555866
0.1674611
-0.7241272
0.3653158
0.7550101
0.007199963
2.501225
-0.566309
-0.1406222
-0.4504802
-0.7654186
-0.3956136
0.862177
0.5354166
0.8807115
1.056284
-0.1956435
-1.879131
-0.9843189
-1.544881
-2.355057
0.171684
-1.243405
-0.7608834
-0.9310247
-0.9364421
0.05266781
-2.292232
-0.2749956
1.240117
-0.4048161
-1.298847
-1.494912
0.3575363
-0.7122661
-0.9434069
0.196345
-0.09289405
0.4523892
0.2641552
-0.3217872
0.3341582
-0.1109027
1.681603
0.2585148
1.322688
-0.628051
-1.665098
-0.4183357
-0.3671956
-0.2455391
1.636159
0.1751236
0.5250243
0.7672527
-1.183677
0.2916034
-0.4726629
1.335763
-0.5592994
-0.285062
-0.6000416
-0.3427877
-0.987259
0.4717843
-0.01912555
1.282376
4.203862
1.563666
0.4685874
-0.2374803
-0.03251894
-0.2706432
0.3719321
0.470865
-0.2936067
0.8872278
2.21614
2.521208
1.937421
0.6754732
0.2567825
-0.5076541
-0.120108
-0.7809606
1.112885
-0.3231284
-1.394358
-1.85139
-0.7835804
-1.051358
-1.278606
0.9028175
-0.205247
0.166595
-0.4091831
0.2407108
0.5957473
1.247615
1.525863
1.838447
1.375992
-0.4093305
-0.6153418
0.02090068
-0.355467
-0.05382227
0.5742527
0.4168072
0.07373181
0.7803864
0.5098381
0.9512461
1.573014
0.9785644
0.8300673
0.4522385
-0.449564
-0.5874278
0.04795285
-0.7597449
-0.3851633
0.3509217
-0.03136894
-0.4689294
-0.5085595
0.7923644
-0.6230005
0.03135836
0.2472738
0.7510037
0.1981145
-0.9808425
0.2773588
-0.109347
0.7694952
-0.8088194
0.1909548
0.1581483
0.5946975
0.1014493
-1.418093
-0.2782016
-0.6890327
0.6116453
-0.05620814
-1.181227
0.2860256
-0.7127156
-0.6246331
0.7484366
2.597961
-0.2996867
0.6017212
-0.3145116
-0.7958672
-0.204215
-0.6562096
-0.1855211
-0.2094979
-0.6106606
0.5263667
1.177004
1.945165
0.6022874
-0.4742186
0.5285199
0.594947
0.2100397
0.1372928
1.182009
-0.829437
0.2946575
0.0690507
-1.31208
-1.855072
-0.8108847
-1.0538
0.3178833
0.4312873
-0.369405
0.4915158
-0.3690179
-1.212137
-0.7363706
0.02240507
-1.315915
0.4704645
0.0005244401
-1.110533
-0.5339777
-0.1396288
-1.100896
-1.194501
-0.1271138
-0.3863728
-1.343241
-2.310359
-1.728487
-1.892897
-0.1186483
-1.208461
-0.2935331
-0.8132585
-1.181491
-0.5768933
-1.624571
-0.7283189
-0.4891304
-1.235795
1.965595
-0.3464566
-0.8684339
0.00994469
-0.766489
-1.072917
0.06871521
-0.08346297
0.8218378
0.4410738
0.4450857
0.4609599
1.074731
3.260484
1.831605
-0.3792147
1.514125
1.029835
1.116846
0.5020712
1.449285
1.955214
2.054762
2.357928
