1.82745
2.042385
1.066384
0.2011324
0.579249
0.5652604
0.1838726
0.573737
0.1883999
0.3925813
0.7304006
0.3990458
0.326436
-0.2378271
1.458544
-0.9564703
0.2366026
0.8996918
0.8674161
0.9683447
1.108932
0.319732
0.3461384
0.2726396
1.022779
2.360183
0.9327391
-0.0369812
0.8050736
0.7448432
1.370659
0.6689542
1.935367
1.887809
0.08918636
1.353549
-0.811569
-0.4271156
-0.3968523
-1.727196
-0.9024193
-1.067471
-1.414266
-0.3520184
-1.502281
-0.7365297
-0.3846144
0.4019348
-0.3653037
-0.4065801
-0.1932139
0.3581079
0.9425147
-0.4607734
-0.4795282
-0.7249936
0.06006014
-0.4837499
-1.047443
-0.6074876
-0.3423872
-1.56327
-1.640107
-0.9069468
-0.4037135
-1.104286
-1.92169
-1.444952
-2.107572
-1.246384
-1.143097
-1.600794
0.6434605
1.259858
0.7515935
1.007092
-0.144205
-0.7375169
-0.4819863
1.77678
0.6965443
-0.617923
1.405781
-0.0759488
1.495804
0.07281306
1.265114
1.364592
0.2239242
0.3100385
0.3155486
-0.129517
-0.9335784
-0.01182109
0.6733911
0.1267419
0.9333833
0.6668236
0.02277542
1.118976
1.363188
1.200049
-0.2375859
-0.2151612
0.2789261
1.857783
1.161288
0.8287665
0.6826905
0.8387988
0.7760186
-0.07577826
0.2980003
0.6723486
0.9314317
0.8080749
0.5488806
0.9481162
-0.4653524
-0.6550021
-1.779498
-0.3453136
-1.205319
0.3125083
-1.878445
-1.624783
-1.238641
-0.5354239
-0.8836607
-0.5174635
-0.2520921
-0.2806804
0.373512
0.8722536
0.09439053
1.080706
0.06093002
0.483945
0.1533118
-0.1464004
-0.09669589
0.2886923
0.00937735
0.6278145
-0.5253923
0.5202095
0.2332508
0.307593
0.0807279
0.9521858
0.3532211
0.08977941
-0.07916421
0.3592724
0.3690907
-0.1361256
-0.9612134
0.2244764
1.116047
1.05199
1.218098
0.4132825
0.5400625
1.435796
0.5685233
0.9554193
0.2555858
0.2058945
-1.461912
-2.017724
-1.285813
-1.279104
-1.123425
-0.8201733
-0.5175715
-1.049668
-0.7298208
-0.9595956
-1.052614
-0.2329619
0.3944377
-0.4438307
-0.4970589
-0.02682778
-0.01995148
-0.3181421
-0.6742366
-0.1382326
0.02198298
-0.9773172
-0.7031499
-0.6252999
-1.215229
-2.147031
-1.399207
-2.373346
-2.021925
-2.729357
-2.046503
-1.677782
-1.466658
-2.257264
-1.754497
-1.523556
-0.1255684
0.01767938
-0.09738378
-1.184234
0.2285648
0.1644066
-0.294653
-0.4546855
-0.3896323
-0.4781385
0.07176901
0.06271596
-1.465676
-0.9970911
-2.961881
-1.863193
-1.429135
-1.270234
-1.182525
-1.722221
-2.419101
-1.028295
-0.7563794
-0.9228545
-0.7355136
-1.155992
-0.3907948
0.7139888
-0.2275379
0.1523998
0.3685323
0.717582
0.184513
-0.06578794
-1.37158
-0.4015003
0.9533826
0.4676216
0.1605264
0.2468418
-0.1190466
-0.2184083
0.6360698
0.4253507
0.8337256
0.7272745
0.7719861
1.340213
0.1944262
1.242532
0.08979186
2.026675
0.5049876
0.8611485
1.482171
1.6953
0.9805059
2.15273
1.582755
1.348289
0.4085253
0.1095114
0.9541181
1.566086
0.01191604
0.4699377
0.9567641
0.02205314
-0.1844992
-0.1873862
0.8755416
0.2064896
-0.4498197
0.451522
1.451192
1.071069
1.213161
1.211848
0.748521
0.1720329
0.4647541
-0.1518525
0.9258201
0.863071
1.337938
0.09545501
-1.296837
0.4341109
1.116883
-0.2208961
1.454366
-0.2177443
0.638616
0.4792401
0.2135508
0.8467143
-1.353087
-0.6160944
0.4287897
0.1828606
-0.3930211
0.1372994
-1.155366
-0.6504536
0.05935695
0.1900079
-0.8912898
0.6633272
-0.3708614
-0.6044547
-0.8906178
-0.222188
0.2424283
-1.110013
-0.218122
-0.5082572
0.3239641
-0.2971931
-0.01355283
-1.469279
-2.046805
-2.454343
-1.625705
-2.356912
-3.167675
-1.889407
-2.259945
-1.89083
-1.869668
-1.60741
-2.162194
-2.102377
-0.0880634
-0.3770712
0.3675666
-0.7810681
0.9929653
0.8810855
0.3127302
0.9592076
-0.6537909
-0.433688
-0.551915
-0.2381827
0.3160916
-0.5022336
0.7634151
0.7717012
-0.6512147
1.084024
0.5052794
1.003436
0.7761135
1.708472
1.001313
-0.07907452
0.9977949
0.9584372
1.744605
1.389183
0.7898124
0.3628228
1.469372
1.495823
1.468592
0.1218908
1.993996
1.552415
0.2220826
0.6127688
0.3748748
0.08462743
-0.04653929
0.4737307
0.152811
0.581093
0.9524246
-0.08804024
-0.06976431
0.4279102
-0.3395424
0.1638206
-0.5020632
-0.196741
0.8828604
1.052054
1.748202
0.843625
0.9031179
0.04695604
0.3842887
1.4336
-0.3022549
-1.673465
-0.3408043
1.17774
-0.1921551
0.34541
0.7316346
-0.2194579
0.9270476
0.4711503
0.8705376
0.426954
0.5266709
0.8164192
1.584507
0.1860729
1.246867
1.068336
-0.1837501
0.4743237
0.7151622
-0.07206025
0.2912058
0.4022228
-0.349483
-0.8636304
-2.320222
-2.186071
-1.099457
-1.840938
-2.109817
-1.812467
-1.950697
-2.0397
-1.297338
-1.443627
1.293143
0.9381926
0.3132538
-0.4499251
1.022614
0.9366819
-0.3468515
-0.5414855
0.1769521
1.144272
0.5737801
-0.1309479
0.4026203
1.866837
-0.6581677
0.1627835
0.1815601
0.9627767
0.3822225
0.1944893
-0.245216
-0.5838206
0.006212771
-0.7258486
0.08765993
-0.03469294
0.8708067
-0.1008
0.7008279
0.2106315
1.223837
0.6375759
0.9400011
0.9044917
-0.1529346
0.4314788
0.7746077
0.371502
0.9627798
-0.03499665
-1.088854
-1.192182
-0.1359635
-1.145952
-0.2981497
-0.1948155
-0.6369101
-1.096583
