-0.6673081
-0.592653
-0.5798854
-0.6006925
-0.4973456
-0.3705517
-0.3306982
-0.6199041
-0.4899421
-0.6320569
-0.6434445
-0.649217
0.6027919
0.6329413
0.5980465
0.6487752
0.7481405
0.9370165
0.6275961
0.7709529
0.7178372
0.8726897
0.6170054
0.69613
-1.23048
-1.260858
-1.384183
-1.292218
-1.234438
-1.251469
-1.304228
-1.463763
-1.309371
-1.297237
-1.162104
-1.192324
0.9031124
1.061202
1.136528
1.185919
1.034879
1.054124
0.9256759
1.121801
1.190425
0.8912483
0.9942065
0.8860403
1.130254
1.038782
1.136058
1.051688
1.05881
1.117742
1.198411
1.233958
1.06626
1.282391
1.233234
1.184722
-2.425662
-2.428849
-2.423528
-2.303262
-2.437394
-2.266205
-2.333962
-2.427842
-2.362742
-2.324056
-2.307319
-2.57682
-0.5398414
-0.525728
-0.3802596
-0.3989841
-0.475714
-0.4727248
-0.1712864
-0.3274398
-0.221907
-0.284266
-0.3088106
-0.3286926
0.2773993
-0.0007518691
0.3066886
0.3194673
0.1328797
0.2633145
0.4069007
0.2305709
0.4971263
0.4448641
0.4742673
0.5103126
-0.2668278
-0.1738208
-0.2195659
-0.07302873
-0.06944933
-0.1433504
-0.270228
0.02536017
-0.07967651
-0.05236093
0.05247562
-0.02370136
-0.8870326
-0.8809785
-0.907824
-0.8511101
-1.01312
-1.006212
-0.773318
-0.9291715
-0.9556713
-1.15562
-0.800561
-0.7290658
0.7404924
0.8292133
0.6546903
0.5118909
0.8503147
0.8273311
0.765035
0.5606017
0.5272384
0.6638753
0.6957817
0.5603648
0.8835734
1.168549
1.098381
0.7239159
0.7651473
0.8968852
0.7523823
0.9369361
1.052761
0.9492959
0.8840508
0.8758784
0.4101233
0.1390241
0.2130798
0.2173474
0.286178
0.1366396
0.1573356
0.3919879
0.2169665
0.2431431
0.3262316
0.156295
0.7438369
0.5726299
0.6427231
0.5137005
0.4839755
0.363903
0.6786261
0.7060034
0.6260566
0.5641932
0.7066657
0.7011175
-0.6197741
-0.5917475
-0.6157169
-0.607406
-0.5551433
-0.5135859
-0.5219001
-0.5096847
-0.5431402
-0.5208969
-0.5535281
-0.5362994
-0.3147031
-0.3253451
-0.2043921
-0.3700682
-0.3868665
-0.4945993
-0.3788051
-0.1308693
-0.3919191
-0.334073
-0.3000808
-0.1618369
-0.564175
-0.5993113
-0.7068392
-0.7721768
-0.6346042
-0.8138846
-1.027743
-0.7496895
-0.5659032
-0.7112671
-0.7032775
-0.6014503
0.09128802
0.110824
0.1640199
0.1588169
0.3319792
0.2463459
0.1795657
0.1317933
-0.08597984
0.3670557
0.1451027
0.1179944
1.486937
1.560095
1.623424
1.54478
1.525895
1.345569
1.59308
1.6149
1.55399
1.540046
1.405098
1.47211
1.349528
1.460197
1.404223
1.481937
1.320644
1.396657
1.444556
1.455977
1.29878
1.345467
1.314131
1.45491
1.697497
1.728889
1.562283
1.859089
1.843297
1.615389
1.759753
1.749388
1.684113
1.887765
1.806767
1.920488
-1.131418
-1.121399
-1.314873
-1.283713
-1.146508
-1.224659
-1.439383
-1.352167
-1.472461
-1.232377
-1.498938
-1.521734
-0.2675381
-0.3236746
-0.2796718
-0.1168726
-0.2365462
-0.1684031
-0.2826238
-0.06743803
-0.1620306
-0.1074989
-0.07692721
-0.1638226
-0.3344898
-0.2238243
-0.5693849
-0.482011
-0.7031
-0.4833545
-0.5175945
-0.4055698
-0.5055149
-0.721134
-0.485361
-0.3266825
0.2162021
0.1925304
0.2522837
0.2588864
0.3140764
0.1264159
0.3256387
0.3153082
0.258543
0.177036
0.2770009
0.1673863
-0.5326461
-0.6637377
-0.4711616
-0.5518864
-0.5504965
-0.3882442
-0.4496887
-0.6002537
-0.4260749
-0.5607728
-0.4859338
-0.5999591
-0.583458
-0.5348585
-0.6093066
-0.4765376
-0.6160642
-0.6812496
-0.5518573
-0.5349022
-0.5350057
-0.5551017
-0.6255277
-0.8604076
0.7662882
0.8052966
0.7922922
0.6846911
0.9517044
0.9187208
0.8993009
0.564522
0.8637085
0.927278
0.8861623
1.077301
-0.07099009
-0.2631465
-0.2732632
-0.2245566
-0.2672957
-0.3807227
-0.4845865
-0.2318896
-0.2557817
-0.2318876
-0.3138588
-0.07470345
0.3807988
0.420036
0.2585018
0.1588675
0.1818157
0.4114825
0.2536832
0.3067783
0.3374829
0.467137
0.3707431
0.3430724
0.3312333
0.1657774
0.2247096
0.2171305
0.1290134
0.07161174
0.05318384
0.09664954
0.2477714
0.2152607
0.1000978
0.1283988
0.9010665
0.8497189
1.124578
1.169814
1.114576
1.339967
1.32838
1.215711
1.123804
1.137883
1.125059
0.8399411
-2.874071
-2.707463
-2.714534
-2.720297
-2.633236
-2.795527
-2.88845
-2.874731
-2.778278
-2.736613
-2.743371
-2.556163
-1.210704
-1.339515
-1.251792
-1.292737
-1.254803
-1.332968
-1.21249
-1.249178
-1.22514
-1.361211
-1.419059
-1.478844
-0.1686605
-0.1137486
-0.2041141
-0.1192827
-0.1174758
-0.1979295
-0.09871101
-0.3359516
-0.3546434
-0.1276576
-0.07205874
-0.06186179
-0.2438758
-0.1589004
-0.03753134
-0.06908978
-0.162483
-0.1019508
-0.0810597
-0.07544419
-0.2075292
-0.1019165
-0.1157355
0.04269629
1.751661
1.817232
1.829963
1.854935
1.789433
1.794271
1.828708
1.779212
1.740509
1.735291
1.866612
1.870024
-0.3409834
-0.3091101
-0.2728474
-0.4020095
-0.3881485
-0.1768257
-0.3556313
-0.46865
-0.2451151
-0.5456111
-0.5533642
-0.4331731
0.449944
0.5042013
0.5051073
0.561003
0.6238304
0.6460628
0.6284713
0.5950733
0.6064121
0.4510592
0.4948177
0.5615154
-0.313311
-0.3035097
-0.4123908
-0.3320731
-0.2384323
-0.2889749
-0.2906999
-0.3194811
-0.2183632
-0.2664852
-0.2152448
-0.2136511
