-1.641802
-0.6728832
0.7373028
-0.9255762
-0.272532
1.171011
0.2558645
0.8203604
0.8171846
0.8173172
0.256298
1.132441
-1.407723
-0.643988
-0.8231221
-0.3638079
-0.9443417
-0.292615
-0.5506266
-1.418515
-0.3213888
-1.350657
-0.81254
-0.7029412
-0.03519756
0.8348995
-0.001911345
0.994927
0.8402944
0.7134057
1.248278
0.7603418
0.03539768
-0.1950212
0.1546291
-0.8890201
-1.580156
0.6673226
0.8060182
0.5265386
-1.432614
-1.55719
-0.09142946
-0.5701609
-0.646558
0.03894651
0.901142
0.1330018
-0.9017668
-2.663224
-1.278291
-2.008039
-1.214665
-0.5754364
-0.6764417
-0.5694597
-1.298473
-0.419434
-2.082783
-0.6128725
1.744511
1.088982
-0.2831951
1.207426
1.818154
1.375039
1.834355
2.439996
1.476442
1.961346
1.395047
2.547097
-0.5400492
-1.267628
0.3963197
0.8207414
0.5581785
0.0889577
1.012426
-0.3050343
-0.204257
1.101122
-1.051206
0.3086801
0.51846
-1.570287
2.157996
-0.9246386
0.05128116
0.6188768
-0.1335531
-0.4594132
-0.9652717
1.164124
0.3407532
0.7771894
-0.15547
-1.253997
-1.589497
0.9149054
0.5361239
-0.07321127
0.09211607
-0.3048416
0.1692754
-0.1485804
0.2481235
-0.4316076
0.4175309
0.5887651
-0.04541446
-0.5928629
0.9285908
0.8587151
0.2917567
1.191892
0.05504451
0.6173937
0.5538578
0.7471302
0.6640929
0.9526401
0.5223724
-0.3153803
0.06320743
-0.9909757
-0.4022857
0.001691164
-0.00887095
0.1835531
0.1636969
-0.5031609
1.393171
1.392972
0.8873253
0.2609884
-0.9252685
0.3529077
-0.3295674
-0.4684755
-0.1988759
-0.2514701
-0.3273483
0.5991094
1.256149
1.472669
0.02203004
-0.935163
0.03518965
-0.1624227
0.01656711
0.6726366
0.1203438
-0.7176516
-0.09513383
0.7392337
0.81135
0.5586724
0.3273349
-0.04407045
0.1072527
-0.6998808
-0.5680022
-0.3444218
-0.1616599
-0.6700111
0.5762295
0.3423916
2.056904
0.1235072
0.540487
0.3240047
-0.7989469
0.1425109
-1.173774
0.1832773
1.043895
0.3119994
1.959951
0.3167697
0.057798
0.08852971
1.533253
0.8305147
0.4526125
1.432054
0.8947525
0.1313989
-0.3523452
-0.2588525
0.7773607
-0.1577933
-0.5811679
1.437437
-0.2645916
-0.5963107
-0.3520334
0.503894
0.9928736
0.6504225
0.3489195
0.4691617
-0.135713
-1.595963
-0.1022256
-0.2562354
-0.9340299
-0.5978218
-0.7801756
0.0260176
-0.002706867
0.2018413
-0.1601778
-0.09402997
-1.084044
-1.333766
-1.042417
1.287795
0.7996573
-1.637964
-1.102908
-1.597308
-0.7019444
-0.5431895
-1.222845
-1.6175
-1.216927
0.1451918
-2.639655
-2.079695
-1.558909
-0.7634901
-0.8929265
-1.883205
-1.290527
-0.8053638
-1.861217
-0.9317857
-1.406181
0.3839318
-1.268363
-1.816267
-2.353257
-1.415915
-0.7754381
-0.5862173
-0.8482655
-1.194374
-1.391321
-1.237886
-1.065726
-0.5274944
1.051208
2.573694
0.612471
0.6177729
1.374544
0.8480754
0.1303977
1.252584
1.968335
1.69165
0.1141896
0.00133078
0.03462727
-0.4442856
-0.8948088
0.3199288
0.2913054
0.008977311
-0.1840552
0.90631
-0.4659152
1.02543
-0.2021066
-1.188938
2.157001
0.7705753
1.192115
0.5651544
1.18498
1.144741
0.7289603
0.3612732
0.4050423
-0.3651966
1.26826
0.4349947
-0.1631876
0.787374
0.771811
-0.5700732
0.16665
0.2237056
-0.6884353
-0.406033
-0.2717765
-0.2776448
0.8192736
-0.5785488
-0.7043222
-0.1369275
1.229393
1.134027
0.8431467
0.07368397
0.792482
0.1283604
0.8829753
0.09127764
0.3273301
1.061988
-0.142157
-1.056077
-0.4617819
0.2478906
-0.5681591
0.6653371
0.4075968
0.4369454
-0.03613048
-0.5121114
0.5247759
-0.3498319
0.1470867
-1.110615
-2.429015
0.4752998
-1.058163
0.3396138
0.1918226
-0.7761174
-0.3904805
-1.261718
-0.8422042
1.485801
1.020084
-0.2193146
1.105987
0.08495752
0.5845602
-0.01772706
0.07770522
-0.09988201
-0.2003788
0.3418508
0.05402722
0.5362962
-0.7595766
-0.03978354
-0.2702881
-0.8655899
-0.6653709
-0.9280108
-0.6547199
-0.3226344
-0.1679617
-0.1046724
-1.068957
-0.2293332
0.8964381
-1.35574
-0.6637192
0.08545259
1.554927
-1.210858
-1.20192
-0.4009523
0.4068629
-0.9564013
0.1683993
-2.020986
-2.606604
-3.381279
-1.077547
-1.427643
-1.242047
-0.7914214
-0.8455128
-1.396563
-1.067063
-0.5524806
-1.658839
-3.916342
0.1459222
3.141417
1.160956
4.190868
1.072385
0.7992036
1.767613
1.243021
2.307314
1.853379
2.837511
2.858717
1.006024
0.7926117
1.508511
0.5116028
0.2858962
-0.0261925
0.7407808
0.5261231
1.378878
-0.1454745
0.4051585
-0.978031
1.418644
-0.5758615
-2.52985
0.1850309
-0.4468543
0.443018
0.2234629
0.5859058
0.39294
0.1451773
0.4870104
1.343489
1.315697
0.897086
1.145481
0.04838006
-0.5454553
-0.08601739
0.195765
-0.8574159
0.3941945
-0.05948645
0.7089787
0.02954565
0.23144
-0.7282343
1.009709
-0.4732125
-0.2593765
-0.9507747
-1.681041
-1.090739
-1.087594
-0.2785111
-0.5819073
-0.335576
-0.5620244
0.5462931
0.8330899
-0.1890901
0.5026794
-0.08883651
-0.4595687
-0.5253325
0.3622012
-0.5609885
-0.2703855
0.6969919
-0.6988572
0.4189569
-0.512185
-0.5952803
-1.012065
0.1033306
0.2511019
-0.760349
-0.329002
0.6028138
-0.7706881
-0.2179757
-0.4922661
1.109918
-1.122486
1.041893
2.126323
0.6148147
0.3098646
1.037701
0.0977823
0.3470525
-0.6326256
-0.3718812
