1.951654
2.98586
1.995483
1.766562
0.854493
-0.8020007
0.1141645
1.522648
1.353006
0.7676197
1.244832
1.573992
0.7592188
-0.4257981
-0.0007719846
-0.9238828
-2.40402
-3.466813
-1.318302
-1.923577
-0.596924
-1.333009
-0.5088477
0.008422921
-0.4830207
0.1504775
-0.07196778
-0.1040077
-1.026824
-0.7052472
-0.8265954
1.491242
-0.5319036
-0.6791515
0.3327368
1.391984
0.9356808
0.3834329
0.7046366
-0.3065121
0.5775879
-2.61993
-1.060645
-2.416572
-2.07972
-0.8261575
0.8310114
1.101332
0.7863153
0.4762017
0.2104576
0.588626
0.7560302
0.7087931
0.5736709
0.3951555
1.214953
0.2886949
0.2767345
0.5287176
0.2386527
-0.7512793
0.4466472
1.583284
-0.3680034
-1.183726
-2.100364
-0.3120444
0.9701828
-0.9559674
0.0891107
2.03145
0.4454723
0.1321247
-0.4381132
0.2413121
-0.9224444
-1.607227
-1.952881
-0.9914963
-0.08130924
-0.6672828
-0.7183825
-1.444126
-0.346876
0.462357
-0.4669652
-0.3783963
1.102359
0.2745445
-0.7587563
-1.823933
0.930446
0.2694846
-0.2381261
-0.2470436
0.9428338
0.5857759
1.49804
0.6261187
0.9409516
1.187213
-0.8284031
-0.7326815
-1.12907
0.3045396
1.013695
0.425905
-0.281677
-0.03581047
0.5931637
-0.5802822
1.402646
0.6008454
-0.6895192
-1.032208
-0.4050901
0.271089
0.02594588
-0.6219458
-0.6605301
-0.4712286
0.03204156
-0.7081264
-0.8705949
0.4827116
0.2874307
0.6209227
0.6472595
1.781135
0.8119026
1.037203
0.4383602
0.2118075
-0.728195
0.1612536
0.9810896
-0.006603915
1.026562
-0.09168483
-1.583171
-0.1249658
0.1160643
1.584529
0.6621727
0.9578212
0.8612334
1.152541
-0.3345884
-0.185876
0.6841944
0.6847473
-2.050332
-0.6559027
-0.6544231
-0.5874121
-0.5047252
1.013668
0.5836404
-1.051448
-1.434706
-1.754343
-1.741442
0.3797047
-0.474677
-0.2778481
0.5652174
0.4991425
0.2364207
0.7224446
-0.3590335
-0.6303732
-1.287466
0.1225317
-1.510492
-1.012305
-1.229408
-0.2178138
-0.2303143
0.1207701
1.628919
1.554165
-0.6426494
0.6499277
-1.026491
0.07626497
0.3115229
0.3301676
0.8945634
-0.4310449
0.8412256
-0.4955926
0.0654439
-0.1041058
0.3157468
1.488076
0.007790697
-1.09974
3.564976
-0.8074848
-0.3777764
0.09660578
1.372894
0.9593059
1.412111
0.1462539
0.8661174
0.4761756
0.328197
1.451539
2.449223e-05
1.00364
2.016043
0.7999397
0.5055711
1.078673
0.5323378
1.378584
1.707779
0.754472
0.1194861
1.108145
-0.1177428
0.3996918
-1.165091
0.736622
0.6700891
1.008039
0.2018911
-0.2707255
0.03955737
-0.3278101
-1.483063
-0.2449075
0.6072401
0.8171291
-0.1235047
0.07407972
-0.07457767
-0.9793854
-0.4590623
-1.152487
-0.8665274
-0.6592028
-0.7044804
1.114501
-0.3356715
-1.219164
-2.060921
-1.230738
-0.6017074
-2.02168
-0.4413911
-1.299034
-1.031649
1.104109
-0.07174848
-0.2804997
-0.9670084
-0.4400637
-1.367064
-1.70683
-1.812731
-1.122186
-0.2832888
-0.204685
-0.6077285
0.964609
-0.1036562
-0.4965127
-0.5420069
-0.3565311
-1.032116
1.170438
0.04991297
1.4056
0.4612966
-0.2391312
-0.02122567
0.7716047
1.370713
0.198986
-0.3551517
-2.7464
0.7077942
0.1663661
-0.6753053
-0.2130309
-0.9250926
0.8746784
0.4949064
-1.099385
-1.693652
-0.06891853
0.5167287
0.2667772
0.9155227
0.1004748
0.05564376
-0.6948215
1.994259
1.220443
1.155825
-0.2625684
0.3324427
0.467173
0.44157
1.626076
-0.647565
0.7791988
0.8048226
0.6826735
-0.2408196
-0.4056779
-0.372917
-1.79806
0.3563324
0.9574202
0.6883818
0.31938
-0.1594038
-0.7012013
-0.8569418
-0.3136013
-1.08872
-1.66902
-1.089532
0.4280063
0.01016387
0.4556935
-0.8329177
-0.379151
0.2011941
0.03080625
-0.5906502
-1.957806
-2.200803
-1.818625
-1.411246
-0.3693335
1.170785
0.7359948
-0.9570435
1.227281
-0.7592754
-0.5085447
-1.21151
-1.309228
-1.660156
-0.3716477
-0.1251915
-0.7097488
-1.348537
-0.851948
-0.1212002
-1.288002
-0.2991374
-0.96618
-0.1114469
1.276131
-0.3724585
0.7967939
0.5032086
-0.7949011
1.218781
1.263439
1.125134
-0.3496524
0.5208073
0.2059373
-1.470816
-0.6808177
-0.3472563
-1.458142
-0.9436658
-0.7294021
0.2087551
0.4886375
-0.3223948
-0.3562479
2.420345
-0.01931763
-0.6863803
0.05051311
-0.7311577
-0.1398533
0.6545353
0.8975329
1.35827
1.500953
2.998778
0.210426
1.156093
-0.8551369
0.1063536
-1.34085
-0.2643634
-2.083685
-0.9174994
0.432757
0.1845549
0.4672781
-0.1324218
0.5761526
-0.6901237
1.299772
-0.07891219
-0.003051687
-0.1463286
-0.876271
-1.167034
-0.6362276
0.2483695
1.152391
1.696376
-0.310571
1.097835
1.164502
0.1137308
-0.2777671
-0.5127769
-0.6811107
-0.6567014
-1.046882
1.337155
0.483399
-0.7521895
0.5656452
1.088239
-0.100113
0.6261953
-0.6973367
0.2442377
0.04991077
0.5709655
-0.5560527
-0.1825904
1.641784
0.4884025
0.9613124
0.6805247
0.4334984
0.4783827
-0.1376714
0.01447232
-0.08372674
0.650275
0.4183872
0.2794732
0.5276389
1.141949
2.04932
1.113303
2.779794
1.242339
0.9243016
-1.244276
-0.1992871
-0.421048
0.1078411
1.195545
-0.9721194
2.17452
1.753295
0.8576983
0.9738914
0.1834648
-0.3852596
-1.045794
0.4034191
-1.730767
-1.073056
-1.159589
-1.148246
-0.1932805
1.467955
0.1903743
-2.052703
-1.598512
-1.867808
