-0.5721572
0.03156035
-0.2999736
0.1521526
1.05422
1.564205
-0.1373226
-0.7867091
0.06406885
0.3651353
0.8143702
-0.01984417
-0.614654
-1.570006
0.09928285
0.01144492
-0.8029845
-0.5083687
0.6469281
-0.04537343
-0.06460856
-0.6362986
-1.115261
-0.8587697
0.3511874
0.687593
0.7851894
-0.3391407
0.5376044
0.03126232
-0.1725601
0.8133382
1.710943
1.642502
-0.3911129
0.4651426
-1.387941
-0.6341156
-1.484541
-1.429985
-1.088077
-1.180438
0.5696044
0.6091688
0.2271779
0.62818
0.7079445
-1.051711
-1.195862
-0.810814
-0.8231101
-0.8299343
-1.118961
-0.8729008
-1.997875
-1.372702
-0.8539724
-0.8042044
-2.336427
-0.9536666
2.616023
1.745916
1.415052
1.715944
2.253387
1.935866
0.983103
0.5941127
-0.3854874
1.876636
2.10106
0.5640041
-1.069378
0.7682855
1.450433
-0.2136315
0.714159
-0.1342553
0.2105237
0.4649415
-0.8699883
-0.001534402
1.060976
0.6495905
0.4828082
-0.4735473
-0.8695505
-0.3247324
1.014462
-1.501245
0.8920969
-0.3508502
-0.03011686
-0.2597908
1.01614
0.09316958
-0.1101588
-0.3789467
0.5539795
0.5243903
0.6703551
1.327316
1.403527
-0.4434085
1.719962
0.9461283
-0.8737981
-0.6750511
2.159316
-0.123188
0.6830284
1.103754
0.6547284
0.8950743
0.3398673
1.886743
0.8141966
-0.7382076
0.5374712
0.1793363
-0.3799771
-0.2859961
-1.01366
0.4761282
-1.639504
-0.6250554
-2.033526
-1.747627
-1.300634
-1.365212
-0.4932737
-0.9871749
0.4066798
0.01905595
-0.393054
1.31406
-1.23248
-1.510765
-1.188257
0.09721178
-0.3158847
0.1356014
-0.06295054
0.04814975
-1.01763
-0.1753549
0.1507886
-0.4711801
1.936584
0.9665515
0.4851083
-0.7482058
-0.6754631
1.189437
-0.2699318
0.7776073
-1.392498
0.7142724
1.404681
-0.3329241
0.3611763
-0.5827634
0.1993642
-1.130757
-0.9641217
-0.748431
-0.6327521
-1.599996
0.6209876
0.276417
1.035466
0.2818832
-0.6534462
0.5357143
-0.002879019
1.031285
1.901402
1.046983
0.02852694
1.13883
0.3747352
0.575856
0.8984298
0.7232609
0.6183462
-0.2501045
0.7979258
-0.5678985
0.4737294
1.510732
-1.00728
0.5991689
0.4037177
0.3282744
1.174435
-1.609084
0.4543574
1.266393
0.8949551
1.379587
1.060412
-0.5583199
0.4220354
0.2242491
-0.2352394
-0.8539857
-0.8527187
0.02722071
-0.009441499
0.4824393
-0.5242938
0.5867593
-1.861807
-0.6646377
-0.6403283
-0.3196052
-1.913607
-0.8720399
-0.5881128
-0.92177
-0.4615688
-0.9094474
0.3937941
-0.3641201
2.098612
0.1567867
-0.1227206
-0.17989
-0.8646078
-0.5607
-1.231777
-2.025048
-0.4585252
-1.172903
-1.478293
-0.6361324
-1.179703
-1.519397
-1.337
-0.7084712
-1.288633
-1.483738
-1.35019
-1.531712
-1.535378
-1.56848
-1.497925
0.05517444
-0.4369321
-0.752582
-2.064651
-1.610027
1.384437
-0.02760939
-0.6911086
0.6397464
0.5764661
0.78544
-0.1381038
2.716056
0.9173955
1.693153
2.038867
1.536642
-0.1935786
0.04157162
-0.04333359
0.9846951
-1.80305
0.4536009
1.504187
-1.10115
-0.1790009
-1.780445
-1.199057
-1.678723
-0.4770651
0.467104
1.923697
1.418085
2.463207
1.742475
0.130262
0.5927801
-0.369857
1.272912
1.356867
0.3030351
0.2227668
-0.4588672
0.2408897
0.5959648
0.4079962
-0.8626034
-0.01260462
-1.177178
-1.609051
-0.8324906
0.9337093
-0.5502701
-0.5018914
0.06389693
0.2457231
0.9018488
0.8796881
0.4515758
-0.3982433
0.5728312
1.899485
0.0007657
-0.4819924
0.063707
0.404331
-0.2363423
-0.1234268
0.7917224
-0.50194
-0.1440205
0.1778494
-0.3185005
-0.4232751
-0.01334537
0.5049551
0.06968999
-0.4761606
-0.3557384
-1.103581
-1.678896
-1.714061
0.3293743
0.6319566
1.184508
1.251638
-1.062566
0.6979186
-0.9157582
1.174936
0.9383152
1.211169
0.8896881
0.3108438
0.8992878
1.571149
-0.3147837
-0.5042539
0.281735
0.8719524
0.2524983
-0.6325442
-1.013605
-0.6660993
0.2343325
-1.183244
-0.7360975
-1.577499
-0.6824025
-2.372125
-0.7783576
-1.396106
-0.83863
-0.7186963
0.6040732
-0.299923
0.4588389
0.4351228
0.4153252
1.338066
-0.6406152
-0.5510517
-0.2168342
1.165848
-0.4442933
-0.9987428
0.1193835
-0.5511016
-1.061806
-2.023072
-1.35212
-1.125029
-1.569762
-1.082761
-3.038238
-2.856164
-1.23089
0.8762579
0.6636262
0.6557842
1.446613
0.8996344
0.5431977
1.734424
2.283347
1.407844
0.4895016
0.08684733
0.9205459
1.626697
1.326955
1.037225
0.3603125
0.1832036
1.066485
0.7824874
-0.4357795
1.244209
1.291584
2.033927
2.709563
0.5573243
1.085114
-0.05841666
-0.8475143
0.5704722
-0.3744902
0.8604771
0.297328
-0.1015893
-0.306758
0.5226229
1.776237
1.222272
0.8059669
-0.04016365
-1.396526
-0.4165057
-0.9822224
-1.123917
1.586169
0.240761
0.8732663
0.2275278
0.7314195
0.284317
-0.5578311
-0.8723914
-0.421517
-0.6158924
0.1208534
-1.53155
-0.5702249
2.032386
-0.05267341
-0.6042728
0.0460624
0.7852206
0.602948
-0.7559648
0.4054667
0.1393056
-0.7732577
-0.4633578
0.828483
-1.298457
-0.4488463
0.01182431
0.7478226
-0.1863988
-1.01084
-0.3703122
0.2769743
-0.6493535
-0.07378835
-1.301138
-1.256461
-0.896145
0.04568017
0.4219655
0.1498717
0.3755491
0.1002313
-0.4169066
-0.2522718
0.8006313
0.3123645
0.1478122
-1.347087
-0.7848408
1.067175
0.2374468
0.4737733
