-0.5157564
-0.07774534
-0.04320934
1.985525
-0.6913753
0.6324227
0.8434179
1.076793
0.5574847
1.087849
-1.359046
-1.379816
-0.3723758
-1.639618
-0.4974745
-1.432261
-1.540815
0.8773936
-2.127547
-1.416769
-0.5245202
-0.2802377
-0.4811004
-0.8132961
0.1679582
1.454895
-1.672299
-1.045866
0.5679015
0.7808996
0.01606123
1.2727
0.289905
-0.1188337
1.677821
0.7549974
-0.6339078
0.3456939
1.518467
2.123719
0.5086923
-1.502321
-0.001592598
-1.03951
0.1271675
0.3647258
-0.7244547
-1.600417
-1.479988
-0.8045985
-0.9046453
-1.782845
-1.3788
-0.8821063
0.1371564
-0.2900062
-0.9004193
-0.04389759
-0.4454196
-0.5486348
1.150663
0.4922186
-0.05313475
1.907205
0.9679266
-0.6794747
-0.01793822
1.090509
0.5498208
-0.03291106
0.5980978
-1.213636
-0.8001154
0.784881
0.8142825
0.7107766
-0.5588793
-1.796708
2.170818
1.014098
1.410045
-0.4416691
-0.4487583
1.665079
0.6566526
-0.1421828
-0.2329219
-0.008589484
-2.036008
1.479616
1.412236
1.131246
1.407668
-0.5135277
0.6085738
0.6686718
-0.08098141
-0.262102
1.491719
0.3923825
-0.8542054
0.3064235
-0.3118334
-1.589497
0.7844291
-0.1855694
1.92373
0.3015027
-0.3760456
0.6448626
1.062362
-0.2014552
-0.7586649
-0.2929073
0.2586657
-1.314891
-0.2337718
-1.949267
0.3185154
0.8128753
-0.3522576
0.4205679
0.1285346
-0.7776512
2.065786
1.543909
0.2482505
-1.627591
-0.1583882
0.5551091
-0.3237427
-1.346766
-0.8566601
0.005701439
0.4553838
-0.3641873
-1.749156
1.989897
0.01123628
1.875171
0.06226869
1.914101
2.138724
0.1983616
1.408161
-0.2160228
0.5929471
0.04083475
0.9873327
0.8747675
-0.1171668
1.989637
-0.2517457
0.6631997
0.413702
-1.421247
-0.06387044
-0.1111223
-0.2113712
-0.9284304
-0.8689253
-1.318149
-0.5564313
0.8935072
2.111571
0.3355697
-0.4648675
-0.5546911
-1.345388
-0.7602522
-0.04418567
0.3379543
0.9087887
-0.2782991
-0.3763239
0.2487874
1.006411
0.2441525
0.7217308
0.8072645
0.7761435
0.4277543
-0.3536527
-0.4334811
-0.08799927
-1.018047
-0.7206155
0.6801988
1.604945
-0.7285945
-1.638795
-0.365412
0.1674332
0.1737365
1.036215
0.389086
0.4533559
0.3303974
0.5035543
-0.9356655
0.5962557
-0.5010914
1.064014
0.8752465
-0.02258289
0.09191402
1.04821
-0.6587381
1.117294
-0.3164704
1.002171
0.3008539
-0.5040219
1.116455
1.863815
0.1765359
-0.08849401
-0.4508236
0.6571785
0.9107758
-0.4011866
-2.494395
0.3317527
1.110905
-0.6841542
-1.092405
-2.221781
-1.958468
-0.2798457
-1.938432
-1.101513
-1.349729
-1.960224
-0.947831
1.398674
-0.01839117
-0.8009119
0.1056304
-0.3660038
0.228042
-0.462135
-0.03671932
-1.442022
0.2412351
-0.1084826
-2.236596
-0.7049863
-0.9625289
-1.524383
0.03663163
-0.7591506
1.005667
3.155027
0.05949692
-1.527411
1.030979
0.277159
-0.1154275
-1.246324
0.9625556
-1.305202
0.54923
-0.5546755
0.2414216
-0.7272621
-0.2942131
-0.2683903
-0.03204498
-0.3967588
-0.2265296
-1.357772
2.138492
0.0527313
1.152609
0.6999353
1.01558
1.069992
1.95605
-0.5227755
1.034103
-0.3952359
0.7667602
0.01319573
-0.9202883
-2.250719
-0.6198516
-0.3143737
0.5086681
-0.9407848
0.1909264
-1.256117
-0.8728285
0.04777599
-1.328902
1.183676
1.072281
-0.004638162
0.255352
-0.3029253
-1.673219
1.493988
-1.005086
1.028964
-0.3231358
0.8505521
1.001997
1.129223
1.179842
2.097714
0.0886656
-0.9629129
-0.05363389
-0.02709021
0.6893575
-0.4944953
0.7753686
-0.3189315
-1.06488
-1.599156
-0.457933
-1.805275
-1.11059
-1.307158
-1.270975
-0.2123557
-0.7996711
2.058919
0.6018464
2.16474
-0.5975214
-0.1615328
-1.484188
-0.4287003
-0.1586074
0.9526545
0.787104
-0.1532399
0.2160704
0.2234067
-0.8053084
-0.4590139
0.1789078
-1.563761
0.3918794
-0.6706822
0.4730571
-0.8710033
0.8552262
-0.7922059
-0.8579928
-1.191646
-0.6091945
-0.5016224
-0.7839434
-1.573118
-0.6463885
-1.826918
-0.8206105
-0.4833177
0.4838007
1.37611
0.5453109
0.8185784
-0.4539026
1.630051
0.8715851
-0.3594548
-2.046248
0.6179809
2.154223
-0.1541005
0.3565177
-1.16025
-2.182744
-0.8369723
-0.1117056
0.9986157
0.5996051
-0.2871045
-0.9175202
-0.5479863
-0.3783384
-0.7673703
0.2274862
-0.4266149
0.5696047
-0.487811
0.6899039
1.375401
0.06937753
-0.8508736
-1.997705
-0.5510737
0.1071791
-0.1994669
0.8436046
1.686288
1.533191
0.4200142
-0.1414478
0.3009657
2.724868
1.130292
1.028078
0.1679856
1.232311
-0.2446113
-0.8510271
0.2658492
0.4536704
-0.5969973
1.122993
0.819521
2.191019
0.71148
-0.02943383
-0.3194689
0.5361902
1.600745
0.3192963
-0.435813
0.2697589
0.6530909
-0.7223303
-0.1452084
0.1630176
0.2651052
-1.582044
-1.577047
0.6148327
0.8122065
0.9032773
0.1009327
0.7711944
0.8193978
0.5187631
0.01165448
1.024269
1.387396
1.144593
0.9662281
-1.548559
0.4621585
0.01357812
-0.8626955
0.04025979
0.1538749
-0.6953706
-1.388678
-0.4038986
-1.108734
-1.801796
0.003643265
-1.34588
-0.8966757
-1.287113
-0.2414503
-1.008594
-1.913758
-1.118646
0.1750623
0.2392247
1.029424
0.04331501
2.557301
-0.182154
-0.3996587
1.345004
0.4060518
0.5900772
0.7815362
0.1341629
0.4192725
-0.3460849
-0.1564422
0.3862111
-0.1800827
-1.64382
0.693794
0.7716062
