-0.3018556
-0.2626766
-0.1650745
-0.1655013
-0.06295012
0.2577102
0.3301617
0.488331
0.6140073
0.1436286
0.1379791
-0.6951309
-1.149938
-1.447735
-0.8357805
-0.6007168
-0.3205584
-0.1483527
-0.1466764
-0.1604736
0.002569885
-0.1766605
-0.2962381
-0.624413
-1.738914
-1.880599
-1.699055
-1.244129
-1.024712
-0.5675901
-0.8099546
-1.292555
-1.102028
-0.9538352
-1.033514
-1.049219
0.8451905
0.6531385
0.7679013
0.405412
0.4976269
-0.02325075
0.4596927
0.4500059
0.2058515
0.1456356
-0.1907036
-0.4478309
0.2155214
0.218415
0.2405215
0.3137439
0.3410822
1.036235
1.315798
1.376462
1.873539
2.209078
2.228473
1.994871
1.097018
1.481218
1.520278
1.726829
2.138374
2.013763
1.721892
1.605048
1.58634
1.397333
1.6799
1.417678
0.7366644
0.9164659
1.27355
1.123243
1.105067
0.9167336
0.5808334
0.4881488
0.7211348
0.7773212
0.7883106
0.6142988
-0.7769786
-1.041416
-1.012371
-0.7108308
-1.051133
-1.067179
-1.051173
-1.313651
-1.417237
-1.098561
-1.366817
-1.271974
-1.740298
-2.164177
-1.94374
-1.897893
-2.028648
-2.427443
-1.468163
-1.042429
-1.285211
-2.072236
-1.725664
-1.551232
-0.9258735
-0.5759561
-0.554635
-0.2948277
-0.2025054
0.4040535
0.3444861
0.2859654
-0.08341514
-0.001345424
0.2103908
0.3197045
1.082739
0.7893509
0.3878384
0.1614667
0.06897225
0.01738691
-0.1393695
-0.284538
-0.1971872
-0.5377983
-0.64713
-1.094786
0.1131485
0.3675359
0.2242427
0.1587359
0.1307612
0.1038157
0.07348908
0.2025215
0.2966423
0.5601069
0.09778275
-0.2364973
2.12351
1.965676
2.220415
2.81961
2.862401
2.758245
2.943763
2.85894
2.586464
1.636886
1.443627
1.265425
0.399639
0.3956569
0.3304002
0.143288
-0.1153143
0.429095
0.5341665
0.9584832
0.9872913
0.5732897
0.4270983
0.5970773
-1.175151
-1.451054
-1.276727
-1.078078
-0.9563014
-1.006777
-0.7987513
-0.8567121
-0.8547627
-1.270927
-1.234034
-0.9047606
0.1129464
0.564182
0.6818387
0.6992871
0.8898539
0.7684239
0.581956
0.8527582
0.506039
0.5344184
0.522485
0.9790435
0.4049333
0.1397241
0.04819615
0.2331703
-0.02828062
0.5723426
1.057385
1.216491
1.03517
1.410743
1.134669
0.9501509
-0.7566105
-0.9127737
-1.048251
-0.822629
-0.7978966
-0.5298315
-0.4702598
-0.5470465
-0.7071679
-0.7441804
-1.219545
-1.183784
-0.07631938
0.5192733
0.4466701
-0.1206141
-0.4851963
-0.3410293
-0.02654974
-0.05585773
-0.06191257
0.2121114
-0.3325339
-0.3436837
-2.92874
-2.819854
-2.593366
-2.221495
-2.202449
-1.909996
-1.843516
-1.820145
-1.725716
-1.292161
-0.5412441
-0.1796919
1.414285
1.678171
1.487513
1.313154
1.168647
0.7693474
0.3095607
0.2063065
0.1961464
0.4102241
0.580328
1.105484
0.3017654
0.4161339
0.4519719
-0.02533074
0.0009240201
-0.6363935
-1.15644
-1.068331
-1.147208
-0.8837966
-0.1340107
-0.2418023
0.5290598
0.7290827
0.7226343
0.5262699
0.6425136
0.5243252
-0.05195894
-0.3133365
-0.1764821
-0.05314948
-0.2116191
-0.02352283
-0.3025809
0.07456741
-0.05647714
-0.588889
-0.4645872
-0.3680702
-0.6213481
-0.6139243
-0.9390867
-1.169618
-1.1426
-1.36917
-1.756717
-1.748134
-1.470608
-1.059619
-0.7913249
-1.033019
-1.018363
-0.9385095
-0.6998687
-0.6784996
-0.9694095
-1.087738
-0.08540123
0.09914187
0.1028896
0.2189696
-0.1493307
-0.5842741
0.01094977
0.2379802
0.3976421
0.02118172
0.02531871
0.01484431
-0.9075946
-0.847504
-1.159748
-0.907742
-0.8278686
-0.4683855
-0.1481355
-0.0715892
-0.1356726
0.2313461
0.3359806
0.140802
-0.1352869
-0.1614419
-0.3002985
-0.1898241
-0.4353236
-0.8337333
-0.9665012
-1.199182
-1.191712
-1.329212
-1.2085
-0.8824779
-0.4677364
-0.597901
-0.3365113
-0.4509576
-0.1903437
-0.1901531
-0.1687191
-0.09382364
0.02236569
0.3251142
0.4149577
0.5033145
1.279285
1.573339
1.114708
1.122168
0.9328709
0.5281014
-0.03975673
-0.1016073
-0.02692483
0.2186128
0.2296279
0.3247351
1.692243
1.836464
1.667507
1.682492
1.278244
1.075401
1.214463
1.098981
0.6877326
0.6639159
0.5274257
0.4273974
-1.324075
-1.351787
-1.201002
-1.040686
-0.4590797
-0.1453868
-0.05763075
-0.01761268
0.09132706
0.130399
0.3456976
0.5007319
0.7155121
0.5026935
0.4741839
0.3602602
0.5384855
0.4633365
0.004510095
-0.1833586
-0.1965426
0.07189699
0.3132256
0.6438357
1.561772
1.382378
1.317027
0.872851
1.057126
0.6403565
0.1761373
0.02781543
-0.0715775
0.1677516
0.5377228
0.702333
1.367453
1.518033
1.462758
1.141605
1.075781
1.122233
1.239304
1.382978
1.191465
1.107139
0.9381914
0.9564517
0.8575895
0.6563058
0.2384632
0.5527637
0.3035373
0.4532519
0.8212014
1.059972
1.22619
1.054913
0.5097668
0.3746782
-1.105038
-1.434685
-1.631178
-1.47142
-1.275437
-1.559793
-1.560099
-1.350368
-1.351371
-1.562858
-1.214683
-0.8990488
-0.8091679
-0.9335963
-1.038222
-1.185279
-1.068999
-0.994379
-0.8471224
-1.088163
-0.8474276
-0.3212312
-0.2086406
-0.08904131
0.03552513
-0.2939956
-0.2668111
-0.223767
-0.5204796
-0.4739699
-0.3763458
-0.3831579
-0.2290239
-0.1306856
-0.05210043
-0.06334568
1.290288
1.213744
1.222596
0.592743
0.3461365
0.4281337
0.07223376
0.07790158
0.3519194
0.4578837
0.5377892
0.6959239
