-0.9762548
-1.038715
-0.4319437
-0.6975882
-0.6601237
-0.258651
-0.08867985
-0.2687317
-0.4140242
-0.1419032
-0.0388785
-0.4059931
-0.4659899
-0.4362041
-0.1510224
-0.03419045
0.194938
0.2772632
0.08892021
-0.03290905
-0.1735806
0.04295591
0.07004391
-0.4533758
-0.4828911
-0.3533197
-0.6788431
-0.7770228
-0.7937502
-0.9118269
-1.204046
-1.201025
-1.442337
-0.8628389
-1.221141
-0.9317994
0.9618561
1.728378
1.430011
0.9849263
0.3628638
0.6259953
0.6109018
0.2823297
-0.01028868
0.3865044
0.02246424
-0.8434302
-0.8045355
-0.2039257
1.016761
0.7153765
0.7925419
0.9615388
0.711953
1.07561
1.613627
1.486702
1.380696
0.6688345
-0.134829
0.4266396
1.017854
0.2443337
0.6639121
0.721377
0.9024317
1.126626
1.097354
1.074781
1.537376
0.3662016
-0.5026745
-0.1948854
0.2454062
1.249249
1.302025
0.7829905
0.7219952
1.05416
1.532029
1.163791
1.132455
0.8220277
-0.2201044
-0.3618124
-0.08356315
0.2644072
-0.5793197
-0.3880275
-0.6111869
-0.5567957
-0.5720775
-0.7980389
-0.9261369
-0.5765494
-1.089655
-1.902267
-2.455667
-1.908612
-1.368077
-1.930743
-1.504971
-1.533777
-1.212488
-1.229619
-1.573258
-1.671129
-1.191056
-1.47122
-2.384727
-2.045021
-1.234963
-0.9291913
-0.7025062
-0.6374161
-0.9099827
-0.6039999
-0.2674012
0.1850821
0.3328815
-0.3723733
-0.3512635
-0.143596
-0.4951612
-0.6161958
-0.2684699
-0.3686392
-0.1515757
-0.2137184
-0.8534396
-1.096379
0.2308436
0.7445182
0.4337158
0.908999
0.6196057
0.4938121
0.5059884
0.6664789
0.6624015
1.043833
1.526594
1.072226
3.006442
3.029606
2.552603
1.860193
1.788033
1.921576
1.903061
1.960638
1.402022
1.454398
1.50483
1.756744
0.5916983
1.004092
1.258541
1.289547
2.168464
2.446161
2.252724
2.186804
2.450079
2.040532
1.883337
1.658203
-0.8577486
-1.193766
-0.8768253
-0.5190524
-0.4545078
-0.6302886
-0.7611006
-0.9071438
-0.8580933
-0.991055
-0.7852984
0.1627376
0.6330569
0.8551853
0.3275575
0.5248274
0.5660639
0.7219086
0.8365887
1.07258
0.9848515
1.150287
1.144687
0.9212033
0.7880704
0.8912728
1.453267
0.9665637
0.5612761
0.5164778
0.9646013
1.621704
1.525103
1.045155
1.241316
0.882646
-0.311382
-0.234811
-0.1762991
-0.2098576
-0.386377
-0.3369984
-0.4968862
-0.2778191
-0.5232016
-0.4170254
-0.6208286
-0.149211
1.812094
2.629605
1.373023
-0.09010866
0.07319959
0.2065048
0.1616052
-0.1421952
-0.1820941
-0.04093867
0.009616872
0.2622254
-2.127802
-2.621875
-3.014656
-3.407655
-3.225556
-2.667234
-2.292819
-1.803458
-1.538796
-1.251996
-1.192579
-0.7575846
0.9846055
1.26632
0.9400069
0.3726466
0.1382824
0.1255074
0.2830137
0.1420289
0.003815757
0.1530086
-0.59115
-0.4254566
-0.6826932
-0.3915766
-0.4272036
-0.4240655
-0.5091172
-0.7586867
-0.7136331
-0.7613552
-0.6286926
-0.7294049
-0.6552541
-0.7229536
0.3707339
0.1243196
0.8494838
0.684804
0.5385354
0.4237387
0.1537756
0.1404457
0.4233344
0.01545755
-0.1150445
-0.5760089
-0.3574779
-0.3254164
-0.1650121
-0.1995228
0.439728
0.7389099
0.4068252
0.0352761
-0.2129806
-0.3324526
-0.3698941
-1.281256
-1.271747
-1.346097
-1.748874
-1.591631
-1.114386
-1.15835
-1.278536
-1.314883
-1.333309
-1.601053
-1.762231
-1.161167
-0.6303689
-0.7707254
-0.6385184
-0.3282873
-0.3784261
-0.7365861
-0.6214213
-0.3776235
-0.4135306
-0.2536134
-0.1971238
-0.8762832
-0.5923686
-0.8930666
-1.437598
-0.69002
-0.5270196
-0.586787
-0.9430653
-1.281755
-0.9325536
-0.4758036
0.1535771
0.4081886
-0.402971
-0.7482947
-0.4795806
0.04709273
-0.9658257
-1.004395
-1.458681
-1.266192
-1.499309
-1.728334
-1.360328
-0.5827562
-0.1477777
-0.750591
0.140925
-0.1141893
0.01376088
0.000989005
-0.2029999
-0.1974958
0.08088024
0.1119229
-0.1001003
0.4660372
0.9711387
-0.5282879
-0.7209569
-0.7316704
-0.7911457
-0.635328
-0.5361673
-0.8613893
-1.003743
-0.843701
-0.5505747
-1.035557
0.4065086
1.097021
1.076422
0.5877419
0.5611951
0.991738
1.234853
1.021744
1.192408
1.058778
1.183339
1.124474
0.09929191
0.3478399
-0.3931759
-0.3106193
-0.0180299
0.2680884
0.2632342
-0.01212326
-0.3276226
-0.5050066
0.09238632
1.526613
1.620165
1.304453
0.3458163
0.543052
0.1763687
-0.230269
-0.2568153
-0.3633506
-0.3202574
-0.42123
-0.5067678
-0.5207543
-0.242991
-0.4654951
-0.878346
-0.2638284
0.2053493
-0.03479867
0.098161
0.2460024
0.2114144
0.5060703
0.6983655
0.6186805
0.2355604
-0.2424411
0.08147947
0.2568127
0.7513595
0.7854874
0.8946644
0.7928631
0.8551348
0.9365972
0.6219671
0.7353545
0.6953615
0.8647959
1.283113
0.9715444
1.122897
1.018935
1.015984
0.7761604
0.8592497
0.7465459
0.6707083
1.221148
-0.09476503
0.2644367
-0.04727544
-0.3416953
-0.5074815
-0.7706883
-0.4336271
-0.145068
-0.06395958
-0.3011737
-0.1369459
-0.3539017
-0.7246037
-0.6534222
-0.1641778
0.2342352
-0.5898775
-0.727417
-0.7423835
-0.8152128
-0.8645388
-1.063487
-1.400231
-1.744155
-1.430831
-0.9560589
-0.2369357
-0.2053827
-0.3942004
-0.147774
-0.2911048
-0.2775012
-0.163656
-0.3073768
-0.0877464
0.4620547
1.514005
1.479914
1.801149
2.102878
1.816606
1.385864
1.440511
1.336045
1.083594
1.009114
0.8422026
1.336695
