-1.414938
-1.036302
-1.085629
-1.053174
-0.2182575
-0.4716093
0.130099
-0.221139
-0.06625594
-0.5683261
-0.6305709
-1.725231
-1.968856
-2.209608
-1.446687
-1.183033
-0.530081
-0.05565473
-0.03065285
0.3394942
0.1139493
-0.1925495
-0.9919465
-1.795765
-1.614544
-0.976098
-0.9670966
-0.7346921
-0.4407028
-0.35238
0.9239175
0.7848769
0.4205722
-0.2789535
0.1029216
-0.1278898
0.3930821
0.5050993
0.8659995
-0.3312796
-0.5337461
-0.8467541
-1.233334
-0.8692729
-1.232494
-1.630382
-1.2262
0.03384122
0.2502241
1.265063
1.457858
1.656758
0.8610646
1.149425
0.9019969
1.089746
2.068425
2.436762
2.19155
0.868062
0.3920194
-0.221251
0.2320649
0.3247955
0.5988386
0.8067323
0.755539
1.010876
0.9903126
0.8820602
0.8565514
0.5834414
0.04012202
0.2579567
0.7398798
1.037092
0.6995496
0.8113278
0.3240844
0.0441841
0.3843978
0.5169113
0.3697996
0.198893
-0.04155393
-0.4780717
-1.100301
-1.033066
-0.6364012
-0.907718
-0.5842569
-0.9194251
-1.287853
-0.9920188
-0.7400539
-0.407267
-0.4751083
-1.732246
-0.9771845
-0.2186601
0.3032552
0.1121891
-0.1357984
-0.3231027
-1.015552
-0.5374891
-0.497682
-1.083118
-0.1774148
0.5249621
0.4470976
0.9805275
1.755962
1.80143
2.041428
2.054527
2.272377
2.780647
2.745818
1.99922
2.21815
1.274773
0.9015625
0.822657
0.6531036
0.9702917
0.7426732
0.7369387
0.5754451
0.663278
0.2616198
-0.5721179
-0.7669835
0.4572163
-0.1779212
-0.2264563
-0.05928393
-0.1911316
-0.05235454
-0.4634152
-0.8557591
-0.7962684
-0.7985725
-1.242138
-0.7600878
-0.8663402
-0.5659307
-0.4799642
-0.9197897
-0.360945
-0.07524203
-0.4602101
-0.5636489
-0.929172
-0.9197797
-0.2669605
-0.05620294
0.2975173
0.5104473
0.6109445
0.6349464
0.8736088
0.3059336
0.5410628
0.4087541
-0.297835
-0.2704928
-0.4696084
-1.056842
-1.565304
-0.6105584
-0.7624173
-0.820488
-0.8150988
-0.2913451
-0.1159331
-0.2092851
-0.4120959
-0.1612411
-0.1883729
0.3118472
0.5353669
-0.4440141
-0.4635324
-0.8536108
-0.415922
-0.5599725
-1.562207
-1.3564
-1.693209
-1.278587
-0.799728
-0.3401347
-0.6375036
-0.6169573
-0.125983
0.3415509
0.2510253
0.1033152
0.5396145
0.6835865
0.8308123
1.177397
0.4556533
-0.1559369
-0.6287975
-0.3449267
-0.3573727
-0.881529
-0.3218519
0.320565
0.3180489
0.2890576
0.3360989
-0.1021972
-0.3194528
-0.2516762
-0.2968946
-0.6852332
-1.030604
-1.129401
-1.202595
-1.792841
-1.666766
-1.429251
-0.9618054
-1.004308
0.01568458
-0.2816556
0.3091003
0.4784329
0.9041429
1.208973
2.016531
2.788206
3.052877
2.756496
2.797605
2.281427
1.868937
2.182153
1.878829
1.64563
1.160376
0.5701767
0.5652877
0.2882122
0.2320402
0.9423557
1.579548
1.448115
1.038408
1.014701
0.7518679
0.3673926
0.5254654
0.07553469
-0.1186348
-0.3535655
0.1237481
0.4268164
1.047841
1.189475
0.7437747
0.6588883
0.4680858
0.3788661
0.2807777
0.257174
0.3918406
-0.02420536
-0.1066519
0.2002398
0.09630863
-0.5599391
-0.7645847
-0.7758268
-1.082781
-1.094374
-0.6517726
-0.584859
-0.4733343
-0.9176308
-0.6704844
-1.013986
-0.7130334
-0.9752144
-0.49701
-0.4789731
-0.5445446
-0.7868503
0.1632855
0.1777723
-0.4446682
-0.5675547
-0.3339175
-0.3291438
-0.491569
-1.270206
-1.382571
-0.9033684
-1.016189
-0.642303
-0.3209957
0.08433119
-0.6453091
-1.105734
-1.420923
-1.761251
-1.615731
-1.427579
-1.10054
-0.4869567
0.3555514
0.3311271
0.09719387
0.2613729
0.0554922
0.09902717
0.261304
0.217855
0.4134785
0.7537132
0.9289111
0.5087432
0.8315515
0.5433795
-0.1054152
-0.2760955
-0.8933793
-1.346944
-1.391084
-1.160559
-1.910534
-1.548799
-0.9697372
-0.3961048
-0.04856325
-0.3190434
-0.3007461
0.04133815
0.1001617
0.009754505
0.08534098
0.255502
0.617314
1.774303
2.522199
3.053361
2.921055
1.834623
1.581249
0.6932291
0.5620878
0.228297
0.196409
1.118631
1.364653
1.635092
1.693741
1.017698
1.060122
1.1832
0.8006225
-0.4909056
-0.6207055
-0.1294472
-0.1675203
-0.2889913
-0.8305869
-1.1823
-0.9641686
-1.504434
-0.3922597
0.0332273
0.07242289
0.7061509
0.8544781
1.221583
1.858972
2.125956
2.319658
1.755921
1.698671
1.047425
0.442932
-0.33348
-1.132696
-0.8634012
-0.9848592
-1.041883
-0.4143003
-0.3846515
0.2335364
0.8393652
1.477274
1.415198
1.006127
0.4014366
-0.07761026
-0.4596668
-1.118723
-0.9514213
-1.419668
-1.012661
-0.8231642
-0.6505076
-0.4267935
-0.209251
0.5075839
0.5060622
0.6347681
0.7771835
0.9784334
0.7492952
0.7634709
0.361222
-0.02903291
-0.5067998
-0.2782825
-0.4819848
-0.7417648
-0.6312445
-0.2960368
-0.65429
-0.3310417
-0.06407596
-0.4176463
-0.6237801
-1.088878
-1.058074
-0.3798913
-0.5210776
-0.8295894
-0.603309
-0.8089853
-0.9383096
-0.8398008
-1.533346
-1.962371
-2.126172
-2.043012
-1.444217
-0.882431
-0.005814522
0.08110311
0.8195401
1.052628
1.651485
1.701892
2.049396
1.619494
1.162103
0.9637939
0.770606
0.2788072
-0.4219299
-1.028039
-0.8047747
-0.7363225
-0.4797478
-0.5222408
0.09728173
0.4178926
0.3606853
0.658592
0.4383284
1.05803
1.026735
0.5862348
0.5488279
-0.2828103
-0.5872354
-1.069494
-1.287474
-1.160134
-1.4091
-1.692222
-1.332494
-0.8025061
