-0.4561235
-0.2199243
0.08143459
-0.5049298
-0.7160565
-1.370778
-1.27074
-1.211809
-1.470226
-1.507779
-1.28522
-0.7101248
-0.5365479
-0.7627323
-0.8040577
-0.8804951
-1.103494
-1.025727
-1.134342
-0.8058134
-1.035746
-1.347522
-1.802481
-1.421986
-0.9787721
-0.952873
-0.7181373
-0.2353917
-0.171237
-0.2843736
-0.07239753
-0.02834726
0.02151926
-0.1519109
0.3317783
0.04985921
-1.28794
-1.174296
-1.419297
-1.457292
-0.6874899
-0.4245782
-1.077453
-0.5671689
-0.2174721
0.1827262
0.6233636
1.562579
2.02016
1.835663
0.8894095
0.4289073
0.4128154
-0.6223381
-1.004222
-0.971947
-0.5165542
-0.951714
-1.699477
-1.479693
-0.07393642
0.01239441
-0.1033184
0.3230705
0.0387881
-0.04414173
0.2593829
0.2890319
0.5377706
-0.1336017
-0.6593066
-0.8581159
-0.3905606
0.1173307
-0.3110139
-0.5853505
-1.005251
-0.932841
-0.3051023
-0.07314068
-0.08368748
-0.2294535
-0.3977994
-0.7545665
-0.27592
-0.4599821
-0.4411835
-0.006043676
0.05164531
0.1716436
0.5499243
0.6168485
0.4060839
0.6931329
0.876437
0.8914635
2.065856
2.380922
2.321655
2.117889
1.312772
1.402508
1.014713
1.063885
1.019698
1.012261
1.309111
0.9586891
0.7568949
0.7502649
1.257655
0.6919112
-0.04298396
-0.1499422
0.02299268
0.1814338
0.5185215
0.2558195
-0.5948539
-1.261469
-1.200078
-0.8845182
-0.4884219
-0.6261851
-0.1248408
0.1827778
0.3179431
0.3722499
0.1556324
0.2081429
-0.2540633
0.2235558
-0.2931437
-0.2288699
-0.541198
-0.8662124
-0.8050743
-0.7620456
-0.672179
-0.7661813
-1.056888
-1.08989
-0.4854069
-0.1216197
-1.461981
-2.101586
-2.494595
-2.206352
-1.684273
-1.321705
-1.304106
-1.151775
-1.308038
-0.7419487
-0.3419148
0.5905914
1.123686
1.58844
1.667163
1.28028
0.3683272
-0.3015891
-0.522
-0.7287936
-1.047819
-1.202634
-1.868505
-1.428064
0.2208301
0.7260358
0.9657003
1.298584
0.9263048
0.5043775
0.4740241
0.02712433
0.2658343
0.3805042
0.9178299
0.6197352
-0.7478434
-0.7368008
-0.2660473
-0.03922147
0.07485795
-0.08426014
-0.5670143
-0.7716886
-0.6901856
-0.6486912
0.2819552
0.6875466
1.266073
0.8899682
0.4896858
0.1902569
-0.08140325
-0.3509667
-0.4892598
-0.3801136
-0.4642128
-0.650376
-0.8191878
-1.626235
-0.6133136
-0.01078236
0.3316139
0.4846931
0.63806
0.9668824
1.164014
1.212649
1.530273
1.246031
1.404172
1.203957
-0.2210882
-0.2210092
-0.7562522
-0.2848621
-0.275225
-0.08858249
0.1886591
0.4798592
0.3052261
0.9661507
1.543005
2.212849
3.694138
3.346891
3.28746
2.876301
2.824923
1.726765
1.188328
0.9734114
1.002141
0.8312337
0.7216334
0.2050346
-1.254944
-1.610246
-0.6163241
-0.1823175
-0.2295514
-0.1982633
0.3380519
-0.1179216
0.1322573
0.2015739
-0.009788346
-0.4079089
0.09446196
0.195949
0.4622415
0.4311233
0.5355802
1.121448
1.109793
1.013114
1.196907
1.238537
1.340207
0.7578268
0.6527358
0.6351128
0.6170906
0.8231801
0.935656
1.199354
1.451251
1.473287
0.9998861
1.05199
0.1364035
-0.498225
0.2056162
0.0106764
0.2706043
1.171127
1.142988
1.473112
1.438995
1.609326
1.47614
1.801601
1.886526
2.432011
2.64641
2.326396
1.971696
1.577905
1.20461
0.8354693
0.9461005
0.9031411
0.7849145
0.7974976
0.7257065
0.8224467
0.208857
0.385791
0.1729364
0.3937108
0.2390187
0.1836825
-0.1401171
-0.2032059
-0.2227932
-0.26743
-0.2894266
1.311515
1.694743
1.198896
1.047968
0.8422104
0.7885723
0.6095192
0.497344
0.4238887
0.4145528
0.4721725
0.1358898
-0.2907216
-0.03332452
-0.02810953
0.2281845
0.1489781
0.262826
0.5172264
0.8224324
0.9323376
0.5756282
0.8974066
0.9618907
1.559087
0.9650582
0.9932277
0.5022972
0.6059476
0.7553824
0.7922609
0.5583372
0.6012549
0.5803995
0.3933332
0.2229159
-0.1973513
-1.087658
-1.225931
-0.6831786
-0.5727354
0.1448757
0.6288748
0.963419
0.9718198
0.9924581
0.7442381
0.7905635
0.3039058
-1.75749
-1.837873
-1.54381
-1.705527
-1.368161
-1.428069
-1.252917
-1.290524
-1.104788
-1.074629
-0.5762051
-0.3190832
0.9341477
1.117251
0.9503022
0.3289556
-0.2734562
-0.4018401
-0.4167812
-0.4872277
-0.2459395
-0.1962022
-0.8625495
-1.869735
-2.293963
-2.283459
-1.729427
-1.617853
-1.36511
-0.8986226
-0.7830159
-0.6695485
-0.4917981
-0.2185827
-0.1340758
-0.2304107
-0.9264059
-0.91706
-0.4577142
-0.8946778
-0.7005193
-0.4688026
-0.5340486
-0.3319504
-0.2930377
-0.5878744
-0.4706554
-0.514186
-0.7422601
-0.7969211
-0.8644951
-0.6357052
-0.7816747
-0.8130183
-1.127512
-1.15914
-1.126003
-1.111866
-0.9538884
-1.405361
-1.190879
-1.210486
-1.265497
-0.9822633
-0.8933862
-0.6165786
-0.8707086
-1.190535
-0.8581461
-0.9887502
-0.8661031
-1.080013
-0.3231191
-0.1289186
-0.1537185
-0.2813455
-0.09912059
0.176627
-0.2530606
-0.112943
-0.1267804
0.3132416
0.9343653
0.9122301
1.222208
1.512237
0.7846992
0.7526948
0.4223128
0.361064
0.2816131
0.1758509
0.1264504
0.170869
0.2977378
0.5462039
0.3945632
0.3661357
0.1440459
0.1785053
0.6849946
0.6213818
0.6114247
0.1493035
-0.1329576
-0.1808329
-0.4440721
-1.07728
-1.988917
-2.572635
-2.766686
-2.367648
-1.348598
-0.8831041
-0.4044114
-0.4583008
-0.5630804
-0.5960571
-0.6514058
-0.3292987
