-0.1839989
-1.061868
0.9133671
-0.2307104
0.7563257
-1.054732
0.2005589
0.7199328
0.7548845
1.127984
-0.2255374
-0.04367014
-0.3249429
1.448048
-0.5803384
0.3932447
-0.3648879
-1.479725
-0.2867798
-0.9853096
-0.2935144
-0.2979279
0.6034921
0.9879324
2.67065
1.178075
1.723117
0.6570669
1.299267
0.7399617
0.063977
1.098329
0.9106399
0.3853148
1.096429
0.2872279
-1.33664
-1.49544
-2.131772
-1.853861
-1.137672
-0.19257
-0.50156
-1.096676
-0.9729524
-1.287951
-0.009746014
-0.2383957
0.4233871
1.845253
1.397624
-1.342006
-0.7827051
-0.1081326
-0.7345181
-1.270818
-1.122043
-1.252961
0.8573802
-0.5329026
1.026038
1.486261
2.97991
1.17096
1.280128
1.26037
0.9789048
1.478261
1.864322
1.791923
1.703386
0.2685851
1.659703
-1.514579
-1.75488
-0.6628655
-0.2167299
0.2206093
0.1467699
-0.6370028
-0.6171132
-0.6648608
-0.02351327
1.209423
0.5546174
1.999464
0.6605858
-1.223103
-0.1674419
0.1097917
-0.3272497
0.06484555
-0.2660884
0.1831667
-0.3715657
0.8787889
0.3212462
0.9922324
0.8305187
0.1252881
-0.7211649
0.1689839
0.6838904
0.02048669
-0.3562535
-0.4959603
0.4866202
-0.8281143
0.03588689
1.262085
0.3118217
0.6079096
0.7548834
0.6599891
0.4196729
0.4514033
-0.1086907
1.213472
1.007563
0.1670025
-2.687533
-2.586861
-0.8371776
-0.8640797
-1.185899
-0.8507661
-1.070503
-0.2850502
-0.3035656
-1.056477
-0.9989301
0.6407543
-1.770847
-3.526899
-0.6343694
-0.4961444
-0.361712
-0.8674403
-0.5218671
-0.5118614
-0.6667448
-1.399241
-2.381804
-1.629867
-0.256001
1.478932
-1.615752
-0.2298271
-0.1062292
-0.2611376
0.03907615
0.01599033
0.6326548
-0.08506068
0.7234288
-0.3377724
1.290988
0.02494024
0.1631287
-0.1375796
-0.2918074
0.3019308
-0.5501975
-0.5723517
-0.4969893
-0.1856785
-0.4522325
-1.887017
-0.6192443
1.691515
1.237913
1.946077
1.255753
0.6800618
0.2694502
0.3425237
0.1032069
0.4623062
-0.7488281
0.458863
-0.3707025
-0.370697
-0.02986184
0.5020033
0.7215742
0.01941412
0.3609519
-0.4709241
0.637508
0.3841226
-1.348014
0.2982199
1.224725
1.143736
0.7189568
0.5235466
0.7091708
1.050836
0.9343485
0.2368717
1.242623
0.4248308
0.914582
2.684858
-0.7564208
-0.4114462
-0.1382909
1.105939
-0.3897517
-0.6652068
-0.4502186
-0.5140341
0.0756308
-0.5130252
-0.07062701
-0.4506905
0.6262503
-0.07223283
-1.422428
0.3054919
-0.4587737
-0.685315
-0.6382347
-0.9849777
-0.6790468
-0.4836887
-0.9704277
-1.121495
0.4133861
0.7731823
-0.2564879
-1.390512
-1.029392
-1.502733
-1.006339
-1.71181
-0.9238856
-1.187311
-0.5003352
-1.815032
-2.056433
-1.376529
-1.579278
-1.815072
-1.426461
-0.7900164
-1.580784
-0.6948863
-1.301809
-1.574185
-1.46986
-1.556864
-1.487758
2.307691
2.19921
0.5935507
0.4213097
0.6185509
0.5331386
0.2260129
1.254709
0.3486867
1.331697
2.291575
0.6988544
-0.6131372
0.3841888
-0.4855198
0.2013855
-0.05647267
0.2646976
0.2212
-0.05623634
-0.2351886
1.146034
0.3047429
-0.4071857
-0.5608567
-0.3482951
-0.9446303
0.6274879
0.8346775
0.2789082
0.6139484
0.03817953
1.506947
2.437373
0.7568424
1.581477
0.11993
0.3867972
-0.6842176
-0.6593081
0.1847616
-0.6615239
-0.1493174
0.4217867
0.4121719
-2.073843
0.429754
0.969475
2.024294
-0.5232187
0.8052388
0.03357424
0.02608327
0.8227531
1.121046
-0.2659275
0.03769857
0.255984
0.09022423
0.6423557
0.3913599
1.310062
0.7678528
1.49015
0.9344796
0.626228
0.8125675
-0.2030871
0.04640714
0.4494939
2.538739
-1.192957
-2.456511
-1.462546
-1.056446
-1.127418
-1.056278
-0.4408633
-1.16615
-0.6342268
-1.118582
-1.255833
-0.194537
-0.7789949
-0.01240036
-0.1011557
1.437459
0.1438719
-0.01134447
1.055662
0.1208196
-0.2243672
-0.113817
1.147473
-0.8936931
-1.65814
0.03901744
-0.4079832
-0.8019878
0.5680946
-0.4700444
0.2246864
0.6795726
0.0470421
-0.7819626
0.267677
-1.584568
-0.9355097
-2.365848
-1.659563
-0.5727835
-0.3918971
0.5877351
0.3857916
-0.07754733
0.1007496
0.7686368
-0.6590571
1.244524
0.8230579
0.2585182
-0.7531343
-1.108701
-0.5824211
-0.9553972
-1.012229
-1.086291
-0.454348
-0.6174468
-1.034865
-1.552734
2.120685
-0.4796188
2.053716
1.789243
1.719843
1.945372
1.851177
2.154244
2.052028
1.413792
1.194091
0.8256282
0.2609444
0.9349421
-0.04064385
0.8300537
0.715745
1.014301
0.4530755
0.5008088
0.394328
1.452873
1.11258
0.2534766
0.01358314
-0.5300856
-0.4576786
0.2972621
-0.1716401
-0.1611127
-0.331962
0.7937142
0.1211065
0.1351156
-0.7536925
-0.2653905
0.2768034
-0.4411256
0.7539748
0.8464934
-0.3604062
-0.03292657
0.5419071
0.5739514
0.7591708
0.5372365
0.9212161
0.6971592
-0.5222437
-0.4091869
-1.434138
-1.69488
-0.9912236
-1.087706
-0.5492946
-1.019744
-1.377739
-0.1849386
-2.582667
-0.8220843
1.126517
0.9327382
1.096642
1.63445
0.2821043
0.0002227307
0.2733406
0.4256855
-0.004634239
0.9206036
0.9639399
-1.142281
-0.8048257
-0.2014274
0.1244718
0.6702045
-0.3074158
0.3131928
-0.4921009
0.1785639
-0.2053629
-1.01791
-1.505249
-0.6302856
-0.4527672
-1.717273
-0.9754962
0.6578131
0.295581
0.6323338
-0.2664769
0.3409498
0.05174996
0.9002416
0.6862577
0.05480454
