-0.7338757
-0.5229742
-0.5285873
-1.232029
-0.7753581
-1.113829
-2.033886
-2.469805
-2.863488
-2.585333
-2.371701
-1.997926
-1.026514
-0.7449502
-0.1900691
-0.3054675
-0.577813
-0.7626967
-1.529358
-1.21253
-1.030059
-1.514703
-1.951961
-1.569457
-0.6989901
-0.4416867
-0.6380696
-0.1350662
0.2400112
-0.1827145
-0.4526405
-0.8817444
-0.7957046
-0.4593194
0.6667674
0.8068353
-1.368663
-1.009869
-1.478389
-1.479612
-1.256583
-1.162758
-1.323854
-1.088378
-1.408732
-1.258496
-0.8632914
-0.4186223
-0.7458912
-1.235583
-1.307734
-0.9369429
-0.350542
-0.7085809
-0.5964743
-0.5776291
0.1269659
0.2518587
-0.1088359
-0.8374497
0.1787345
-0.492214
-0.7628289
-0.6243188
0.2847019
0.5583117
0.6245667
-0.1830013
-0.2928952
-0.01184108
0.3987525
-0.8224714
-0.7855753
-0.8907
-0.3787572
-0.2661929
-0.5614555
-0.5960704
-0.5536898
-0.5945058
-0.07781576
0.3335643
0.9035787
1.537201
1.861482
1.577694
0.8394619
1.166212
1.344613
0.3999367
0.5584098
0.9296343
0.130645
-0.09203363
0.6331467
0.386072
-0.197073
-0.8299562
-0.4329776
0.2390841
-0.09989328
-0.4192988
-0.5791986
-0.5937167
-0.7020822
-0.523061
-0.1789446
-0.6761648
-1.066529
-0.8499334
0.01168875
0.5841672
1.046546
0.7012748
1.298491
1.466815
1.67586
1.976969
1.432716
0.7279361
0.6069075
1.442487
2.121659
1.941485
1.718436
1.714346
0.8261483
0.872768
1.077173
0.8503236
0.7772273
1.652839
1.8525
1.689643
1.333544
1.139001
1.002171
0.7910568
0.2106188
0.08431773
-0.5627131
-0.5708416
-0.3199474
-0.3966729
-1.97481
-1.594615
-2.099171
-1.718942
-1.700616
-1.292392
-0.9774253
-0.9592562
-1.074667
-0.6845233
-0.5603173
-0.3344604
-0.7322168
-0.6231699
0.200407
0.01304332
0.3451301
0.7579014
0.3945802
0.3877223
0.1569086
-0.059488
-0.778338
-0.6501061
0.1921114
0.7130323
0.7695718
0.9604759
0.3220884
-0.3378016
0.4143428
0.2260343
0.882295
0.6534421
0.7777759
0.3241088
-0.9948881
-0.7379748
-1.220556
-0.5849515
-0.5372484
-0.09912445
0.07301199
-0.3017302
-0.4214397
-0.1602754
-0.3800489
-0.5919901
-0.6544225
-1.158402
-0.1578004
-0.5135485
0.3308667
0.1532043
-0.007272067
1.003767
0.9759406
0.7595311
0.6118264
0.6121797
1.341424
1.764393
1.506575
1.281035
1.259932
1.254953
1.298884
1.231447
1.146806
1.30964
0.8165953
1.155708
0.2860356
0.4133359
-0.6856743
-0.7066024
-0.3789338
0.1860054
-0.06443133
-0.5247265
-0.939006
-1.077617
-1.078513
-1.465709
0.3325356
-0.3317233
0.6506631
1.06733
1.62643
2.487146
2.500818
2.104518
1.89697
1.64934
1.695249
1.857536
1.052964
0.5636486
0.4796035
0.1906563
0.1838015
0.4401221
0.8351952
0.6226651
1.050008
0.8972248
0.2867642
1.225201
2.217193
2.419923
1.984922
1.415966
0.9805726
1.165557
1.391048
1.205695
1.642204
1.83927
2.799833
1.903373
2.09495
1.57159
0.8428002
0.9468415
0.478626
0.6806498
0.6429791
0.6430998
0.1362846
0.2193781
0.6154283
0.561959
0.5063912
0.28054
0.481117
1.672494
2.046526
1.9919
1.42461
1.171464
0.8038906
0.865912
0.1623
0.3324139
0.4269161
0.959912
1.024745
1.268692
1.649834
1.516446
1.676321
1.260221
0.8883107
0.7969298
-0.1764273
-0.5826515
-1.472267
-1.39277
-0.9513931
-0.1782012
-0.1816425
0.04530903
0.1457997
-0.3581435
-0.5575421
-0.5159338
-0.136919
0.5850816
0.8440251
-0.3114785
-0.03389207
0.7254375
0.5166145
1.151782
1.795204
1.656217
1.596227
1.467793
1.381512
0.3341193
0.2170908
-0.5686859
0.0565048
-0.1590793
-0.862168
-0.6605565
0.1041946
0.6864448
0.5104064
0.7116143
0.01800054
-0.00320405
-0.1507727
0.1596618
1.19845
0.8386346
0.8172201
0.5571186
0.9094114
1.251172
1.537206
1.664474
1.127993
1.000066
0.2903769
0.01024311
-0.1928906
-0.6451233
-0.6894896
0.1983947
0.690765
0.4812348
0.513438
-0.09006329
-0.2378189
0.03001291
-1.121196
-0.7199579
-0.451234
-0.8669983
-1.76026
-1.603628
-0.9240668
-0.5892173
-0.9463298
-1.237276
-0.8838999
-0.9162644
0.1110122
-0.1771306
-0.2774097
-0.3301547
-0.7686735
-0.870576
-0.4296571
-0.09779478
0.0009444509
-0.3839878
-0.2651164
-0.11199
-0.319115
0.1481022
-0.309471
-0.7482888
-1.051986
-1.143796
-1.267592
-0.7855514
-0.5934472
-0.3172986
-0.1924651
1.003703
1.040507
0.9532872
0.8165051
0.4077978
0.030716
-0.451941
-0.7950401
-0.9812386
-0.7806876
-0.3049791
-0.1235294
0.2325136
-0.1726921
-0.403562
-0.4242979
-0.6786448
-0.4816372
-1.009908
-1.423347
-1.354726
-1.399313
-1.461579
-1.223606
-0.8240552
0.4254071
0.6876321
-0.5402697
-0.9018554
-1.457227
-1.300381
-1.48782
-1.17823
-0.667285
-1.020455
-0.9589983
-1.122761
0.1335992
0.7516205
0.09583835
-0.585318
-0.9846235
-0.9848805
-1.421495
-1.437423
-0.9766318
-0.915656
-0.5977969
-0.8360088
-0.4795924
0.4841292
0.27687
0.03028285
0.1463686
0.5056612
0.3737817
0.4399958
0.7592328
0.2899514
-0.1132452
-0.07894699
0.2582389
0.06700292
-0.3129622
-1.087406
-0.9022495
-1.087623
-1.255846
-0.7853507
-0.5788446
-0.4174023
-0.1956392
-0.6481714
-1.148053
-1.27272
-1.041074
-1.007975
-0.8737571
-1.428889
-1.103373
-0.8872622
-1.035204
-1.148089
-1.760589
-1.813173
