0.260658
0.9164227
-0.8813038
-0.9475775
0.4844179
0.375301
0.05312648
0.1661688
0.3179688
0.003306513
0.4881125
1.501604
-1.3643
-0.5926678
-2.081407
-1.602305
-0.825085
-0.1653716
-0.3426344
-0.9824349
-0.675797
-0.5737464
-0.1123529
-1.003233
2.023371
0.4257261
1.24402
2.18903
1.279156
0.5363935
1.139278
0.11392
0.3283865
-0.5463505
0.3642309
2.088855
-0.3311448
-0.1127666
-1.735542
-0.2816021
-1.285397
-0.6455805
-0.7247546
-0.746707
-0.4469057
-1.578658
-1.115624
0.1984838
0.05941394
-0.5523813
-1.201366
-1.187287
-0.9672497
-1.500586
-0.6771631
-0.2167627
-0.9978731
-0.7821139
1.004851
0.04391426
0.9834095
0.9418759
0.8718776
1.170365
1.721753
1.594727
1.554067
1.899105
1.592967
0.7637752
1.447025
1.518676
-0.1291022
-2.090666
0.3094023
0.2936366
0.1750372
0.06973544
-0.292891
0.1280305
-0.3804846
0.6371778
0.3609197
-1.140409
-0.8401765
0.2933415
0.4242676
0.1051876
-0.3044418
0.09620619
-0.5878953
-0.5196061
0.1943533
-0.5714147
-0.3355654
-0.7790027
0.4068776
0.2233935
-0.9477951
-0.4700849
0.2541019
-0.09871677
0.1777545
-0.2244432
-0.3410932
0.02183263
-1.059884
0.7844396
1.978237
-0.9417066
0.06810762
1.600564
-0.1894446
0.8648833
0.6007002
0.4408924
1.342305
1.777667
1.591602
2.008098
1.077129
1.537636
-0.008193575
-0.9606611
-0.7066306
-0.7001567
-0.3425672
0.09707258
-0.02886895
-0.03291763
-0.5146912
0.2878076
-1.925748
-0.7006174
1.323165
-0.3424335
1.476405
-0.8748519
-1.040996
-0.9091737
-1.625162
-0.0361112
-0.05728828
-0.1336833
-0.5772988
-0.5243892
-1.34288
0.09285769
-0.2169995
-0.6007142
-0.03555007
-0.167552
-0.2375462
0.3974811
0.1167068
0.4571579
1.369607
0.5739056
-0.3931703
-1.719242
0.04770201
-0.1450048
-0.1240032
-0.6523672
-2.004127
0.3340887
-1.034156
0.9210656
2.608258
2.113182
1.236802
0.1455157
0.439694
0.1229905
0.5171077
-0.1821721
0.1313347
1.22958
-0.02877065
-0.3246794
0.02854074
-0.06595418
-0.2817538
-0.2363684
0.5777867
0.2469747
0.4044054
0.9375163
0.1013955
1.106477
1.376417
-0.2555203
1.345442
1.173655
0.3832334
0.02718702
0.03132375
0.6581191
1.037383
1.163948
0.7733355
1.368553
1.437601
1.430672
0.05900542
0.5915413
-0.8645411
-1.182762
-0.3044911
-0.7043269
-0.3065218
0.01510248
-1.062241
-0.2708073
-0.6089265
0.0668355
-0.08487734
-0.3740785
-1.459388
-0.0567911
-1.855138
-0.4997435
-0.9020816
-1.020096
-0.9912676
-1.057937
-0.4335515
-0.6554993
-1.706063
0.03512271
-1.02608
-0.7735826
-0.6690954
-1.384707
-1.620191
-1.339275
-0.2924199
-1.345263
-2.775271
-0.3942879
-1.991638
-1.343846
-3.0776
-1.101902
-1.630978
-0.9481167
-1.282655
-1.035255
-1.250673
-1.571913
-1.228252
-1.351815
-0.3851681
0.8601487
1.217971
1.450518
1.406319
1.650597
0.8143899
0.7381532
1.603723
-0.04810672
-0.767823
-0.5662093
-0.3709526
-0.06874971
-0.1401273
0.7061225
0.6400326
0.182849
0.5040168
-0.07635598
-0.1795561
0.01486743
1.364477
-0.4854256
1.589762
0.8428963
1.94421
-0.06572095
0.7349115
0.4925663
0.4738571
0.3680886
1.673829
-0.7847333
-0.3333248
-0.7420706
1.355956
0.2237628
1.019886
0.4112039
-0.1624324
-0.06666986
-0.3551198
-0.9065492
0.1702418
-0.2171033
-1.165999
1.896422
-0.07394569
0.2778844
-0.2260251
0.03438818
-0.03764418
0.007262955
-0.1856879
0.4220922
0.4840902
0.6677157
2.031645
-0.7607446
0.09680906
-0.6738939
1.023431
0.6155427
-0.01070994
0.6295891
0.5060139
0.3688889
1.126345
1.428215
0.1865087
-1.398863
-2.897217
-0.1810261
-0.6288031
-3.01833
-0.4943647
-0.3570952
-0.4605911
-0.5454793
0.9382451
-0.3608685
-1.742736
0.4104268
1.464902
0.3289996
-0.2933875
0.8048979
0.8886239
0.5441261
0.7436358
0.8136296
0.5522291
0.4592035
0.4765193
0.4346879
-0.05162399
0.7615182
0.3701603
-0.111943
-0.5319499
-0.1375936
-0.1419647
0.08462202
-0.1826355
0.1240252
0.1676301
0.009445193
-0.2291475
-1.070478
-1.134832
0.8142522
-0.01841792
-0.4140908
-0.4271696
-0.2078218
0.2176836
-0.6199782
-1.266132
-2.026543
-1.139712
-2.539663
-0.6068303
-1.634605
-1.689381
-0.351009
-0.8510332
-0.3769442
-0.7901058
-0.9178693
0.02602026
-1.590976
1.306819
2.459105
3.754808
2.646348
1.648069
2.211644
2.302193
2.151162
1.663748
2.744721
2.55078
1.589787
-1.394596
0.3169723
0.4725632
1.34144
1.194201
0.7291805
1.194099
1.371204
0.6037517
-0.1049492
0.3986734
-0.8699031
-0.6278456
-0.3971049
-0.2298106
-0.468493
-0.04403595
-0.1639247
-0.08231372
-0.1079961
-0.2006303
0.8789262
1.563872
0.002722997
-0.4299668
-1.430338
1.143312
1.671923
0.3682589
-0.2863009
-0.06414551
0.5301651
0.6389132
-0.7237582
0.5729981
-0.3071365
-0.7652362
-0.5407934
-0.4560919
-1.209759
-1.52362
-1.005608
-0.8150469
-1.817937
-1.809277
-1.153745
-2.210553
-0.7863197
-0.5539989
0.4560447
0.570223
0.1439028
0.1101917
-0.1209442
0.1389677
0.4190338
-0.427145
-0.7864128
-0.5053907
0.953663
0.7559287
0.09162823
0.8239594
0.4248531
-0.2127419
-0.05100062
-0.3334605
-0.4116862
-1.035261
-0.889339
-0.7315701
-1.220427
-0.4714271
-0.8944656
1.092019
0.8784391
0.3218019
0.2487377
-0.201974
0.1006433
0.3072808
0.7423577
0.1473798
-0.2431027
