-2.080118
-1.580924
-1.859885
-1.747704
-1.864258
-1.956596
-1.823329
-1.992747
-2.066474
-2.203395
-2.220964
-2.497022
1.226763
1.194524
1.216057
1.114526
0.864854
1.091769
1.043739
1.141644
1.275562
1.36621
1.204363
1.473938
-1.001236
-0.8403166
-0.9312055
-0.7642464
-0.6362765
-0.5971732
-0.5103074
-0.647649
-0.6135226
-0.5120834
-0.4754235
-0.7608848
0.029246
-0.06560639
0.1687126
0.0770013
-0.159091
-0.2116326
-0.3491857
-0.1734729
-0.2184086
-0.1341937
-0.1971287
-0.5252637
0.2561046
0.2246951
0.3366738
0.5227322
0.352518
0.4619631
0.5517287
0.5175173
0.4168439
0.7382132
0.4791263
0.6946614
0.08714104
0.226128
0.02422395
0.2252119
-0.05323384
0.2778964
0.3595953
0.1876744
0.2776667
0.1241822
0.3065333
0.5216184
0.2649667
0.6684959
0.3706103
0.4686594
0.2945196
0.2899761
0.3419472
0.2509785
0.388137
0.4203492
0.4094252
0.3034815
1.143901
1.085773
1.216021
1.096542
1.02718
1.155641
1.194891
1.120686
1.161994
1.227882
1.189355
1.086046
-0.47721
-0.5369132
-0.1661745
-0.3001578
-0.3176098
-0.4099448
-0.6015447
-0.2824318
-0.4937822
-0.5205359
-0.5123514
-0.8507113
0.3166385
0.6172515
0.4868109
0.5934397
0.5673585
0.6113003
0.690681
0.6911325
0.6596534
0.8903582
1.130845
0.9745833
0.5515452
0.2162453
0.4075549
0.1985643
0.4327625
0.4374446
0.2580345
0.330439
0.2341762
0.2531622
0.3138958
-0.02218254
0.9785531
1.099009
0.6084661
0.7139022
0.7099875
0.9273693
0.808395
0.9504294
1.017376
0.9147741
0.8380128
0.9590744
0.0631495
-0.008732037
0.09940857
-0.1237596
-0.1473541
-0.5109056
-0.3206193
-0.1812141
-0.04404503
0.1006272
0.2118123
0.2197701
-0.4488781
-0.2971976
-0.4680086
-0.2127891
-0.3440556
-0.3805898
-0.1298237
-0.002747608
0.2162044
0.2062693
0.211446
0.01234754
-0.4268884
-0.4723129
-0.4119851
-0.5188055
-0.5496629
-0.6212847
-0.4878706
-0.3835146
-0.2602598
-0.4160447
-0.2436329
-0.4666044
-1.310761
-0.9283543
-1.336944
-1.597318
-1.564545
-1.620907
-1.654815
-1.414209
-1.611095
-1.663483
-1.686247
-1.598883
-0.581126
-0.7283899
-0.2769432
-0.4745529
-0.2416604
-0.4432971
-0.477966
-0.4582089
-0.3476791
-0.306605
-0.3470618
-0.08777966
-0.4075105
-0.6290372
-0.4946813
-0.3514086
-0.2446804
-0.2784338
-0.3628876
-0.5055478
-0.2789806
-0.1990272
-0.5610793
-0.5880049
-1.188936
-1.315883
-1.485675
-1.247578
-1.326776
-1.6278
-1.502936
-1.52918
-1.72346
-1.776832
-1.919582
-1.861066
1.17906
0.8089335
1.158319
0.9137125
0.9182239
1.030359
1.078323
1.055743
1.307631
1.522082
1.618865
1.4253
1.017244
0.7041089
1.150267
1.048644
1.167731
1.015355
0.9892108
0.9322839
0.8748997
1.033282
1.05645
0.9311287
1.800755
1.342652
1.429139
1.289706
1.540617
1.484918
1.510652
1.342454
1.400383
1.548819
1.547202
1.581484
-0.5060506
-0.4198036
-0.6433228
-0.5656635
-0.6195264
-0.5574253
-0.649189
-0.6816332
-0.5886812
-0.5786656
-0.8799006
-0.8148962
0.2828591
0.3503578
0.1154762
0.515618
0.3532138
0.3916616
0.4717395
0.5682654
0.4647273
0.4135362
0.2533358
0.3801121
0.2483187
0.5407563
0.6868811
0.5289179
0.4552425
0.5478357
0.4831858
0.3466829
0.3112658
0.2173901
0.3643424
0.1653143
-1.040048
-1.241523
-1.160482
-1.116653
-0.7031124
-0.9052192
-0.6898135
-0.9402764
-1.101688
-1.22207
-1.316563
-1.020087
0.2447935
0.3380019
0.1854291
0.1978349
0.219856
0.1656262
0.2114875
0.3139003
0.1721774
0.108421
0.1811163
0.289803
0.08718917
-0.1825196
0.003379978
0.1121537
0.1615001
-0.08395059
-0.03948744
-0.1172962
-0.1012649
-0.2634231
-0.1386089
-0.325701
0.3623479
0.637889
0.8598912
0.5269419
0.750063
0.8164532
0.7268333
0.8679928
0.993276
0.9024758
0.9802966
1.253453
1.223016
1.190977
0.656719
0.7892597
0.8103034
0.8777313
0.6423836
0.6632038
0.6322677
0.4674394
0.4783193
0.7170223
0.0375824
0.03801645
0.2451031
0.06166907
0.01033144
-0.1291257
-0.3563398
-0.2473189
-0.2998501
-0.2100014
-0.3672608
-0.2155156
-0.9880585
-1.138648
-1.15915
-1.160953
-0.9372987
-0.7193865
-0.660368
-0.6682565
-0.7836269
-0.7626609
-0.7911468
-0.386795
-0.0802549
-0.01628531
-0.1565907
-0.3052515
-0.2713193
-0.4193303
-0.6016086
-0.5606623
-0.5522748
-0.4099973
-0.2092391
-0.2198184
0.02797304
-0.05462289
-0.0461869
-0.325554
-0.4482078
-0.4526021
-0.3313353
-0.42909
-0.4820772
-0.619836
-0.6019108
-0.1986009
-0.0274948
0.03714968
0.03476064
0.1753757
0.09983092
-0.004924655
0.1604406
0.0008995174
-0.1963233
-0.02734022
-0.08079271
0.005173852
-0.1774082
0.1906087
-0.05200095
-0.09454735
-0.2026075
-0.08087874
-0.07531472
-0.2282871
-0.2546365
-0.2968636
-0.1767294
-0.3133945
-1.117916
-1.153881
-1.186488
-0.9479078
-1.146149
-1.225134
-1.184887
-1.331616
-1.416176
-1.689816
-1.666753
-1.824214
-2.496003
-2.672431
-2.464733
-2.328682
-2.03337
-1.778702
-1.91204
-1.987144
-1.9012
-1.906728
-2.045809
-1.951608
0.06664134
-0.1355626
-0.02839259
0.1298507
0.06368303
0.3047583
0.1959049
0.2013624
0.2305181
0.1230669
0.3264228
0.171424
3.225194
3.204569
3.104277
3.050712
3.112757
3.161038
2.970647
3.179482
3.133123
2.907743
3.035805
2.996385
