1.062094
1.587515
1.444984
1.355846
1.293259
1.555794
1.005008
0.5130226
0.974642
0.4831374
0.7209458
0.9111273
1.006396
1.021595
0.7042639
1.475511
1.600614
1.17243
0.3622556
0.4928375
0.2939841
0.2651884
0.7191285
0.8153633
-0.2139301
-0.1735028
0.9490383
0.4216406
0.2938559
-0.03459439
-0.5878549
-0.5623663
-0.3043438
-0.6110671
-0.9351494
-0.6052896
0.973833
0.3118321
0.07574718
0.313677
0.6680723
0.1737908
0.1482907
-0.115728
-0.1568684
-0.3379576
-0.1713158
-0.1824349
0.904166
1.98112
2.932298
3.048178
2.455734
2.314709
2.201722
1.508391
1.03003
0.6569015
1.139997
1.050575
-0.2026918
-0.3472682
-0.07289495
0.2924699
0.1527311
-0.3007047
0.2285229
0.4650884
0.2738926
-0.5778342
-0.5253455
-0.3580006
-0.2645411
-0.2338749
-0.9047093
-0.8803911
-1.169763
-0.5429482
-0.01225817
-0.1786216
-0.2336498
-0.1543152
0.03570034
-0.3700335
-2.246593
-2.009421
-2.131182
-2.24811
-1.992189
-1.769724
-1.592957
-1.527796
-0.9584546
-1.35132
-1.955064
-2.233783
-1.888199
-1.676705
-0.7551925
-0.5436716
-0.2867891
0.2727991
-0.1688795
0.18671
-0.3487974
-0.3312
-0.4184183
-0.1281695
-0.3513789
-0.8806167
-0.3458871
-0.1975504
-0.4943182
-0.4106079
-0.7172211
-1.19965
-1.200511
-1.496007
-1.457782
-1.427945
-1.490331
-1.507389
-1.790124
-2.13731
-1.73411
-0.9227949
-0.1832138
-0.178591
-0.8360114
-1.035057
-1.211514
-0.8735867
-0.5197914
-0.2176397
-0.08011868
0.1858181
0.4906067
0.05736683
0.01245236
0.4699219
0.6129829
0.4664095
-0.0710111
0.04162971
1.399925
1.578939
1.490142
1.264548
1.277008
1.175272
1.053486
1.139038
1.58294
1.423235
1.451289
1.5356
1.660687
1.780971
1.365721
1.015298
1.001531
0.7641333
0.6045855
-0.01217216
0.1309687
0.4188168
0.11824
0.4095062
-1.132277
-0.8657377
-1.137948
-0.7523093
-0.4183761
-0.2479167
-0.7366447
-0.8049906
-0.9776546
-1.361905
-1.575556
-1.765179
-0.8326451
-1.102843
-0.9259877
-0.6615193
-0.6458668
-0.4286274
-0.3076557
-0.06252213
-0.3003998
0.3834974
0.6348119
0.4208747
0.2236169
0.1862659
-0.05598946
0.5058178
0.9638832
1.186663
1.374568
1.237177
0.7156095
0.834065
1.179884
1.028062
0.187617
-0.1937646
-0.2767599
0.06228708
-0.1984914
-0.429818
-0.5584616
-0.7230964
-0.844338
-1.058684
-1.131761
-0.6882231
0.8823229
1.267449
1.090722
1.448879
1.3385
1.529772
0.9679137
0.6578416
1.090003
1.438746
1.463894
1.622272
-0.5901399
0.1532048
0.1685165
-0.07856507
-0.2330829
-0.8329353
-1.134029
-1.083156
-1.449384
-1.540288
-1.5246
-1.951622
-1.14717
-0.7919149
-0.6806324
-0.7515886
-0.6398755
-0.2642755
-0.1862232
0.03070625
-0.1779575
-0.5819443
-0.6281796
-0.339866
-1.693109
-1.50165
-1.031907
-1.281603
-1.529662
-1.905918
-1.444042
-1.123423
-1.541936
-2.122356
-2.174969
-2.621373
-1.45645
-1.133787
-0.5704927
-0.8909345
-0.7365018
-0.3547803
-0.5731809
-0.6390797
-0.2449791
-0.05474427
0.5189864
0.8139342
1.246378
0.630285
0.1834529
-0.8391265
-1.551053
-1.483495
-1.462936
-1.265468
-1.033765
-0.6492459
-0.8775306
-0.5709071
-0.5912443
-1.083266
-1.189267
-1.034303
-1.429862
-1.201588
-0.7254864
-0.6131498
-0.4231675
0.4774012
-0.1595809
0.04695465
1.250139
1.428732
0.6958161
0.5363478
0.05461934
-0.0456639
0.3416588
0.9476342
0.8420363
1.029082
1.216831
1.135538
-0.1524973
0.1168456
0.6348957
0.5389057
0.8412335
0.8440962
0.2557559
-0.004331572
0.3833699
0.01543655
-0.1105203
0.1288498
-0.3432397
-0.691671
-1.015535
-0.431271
-0.1520615
0.02326051
-0.1556786
-0.06395696
0.1359752
-0.04715364
0.8804573
0.2260749
0.2036933
0.3329096
-0.3787729
-0.3317833
-0.7668116
-0.441451
-0.5333571
-0.7593089
-0.7233965
-0.5971177
-0.4856491
-0.8912038
-0.4971688
-0.2161143
0.02130492
-0.6112062
-0.4260162
-0.3869535
0.06302302
0.0558936
0.2198059
0.1047447
-0.1427234
-0.02994846
1.002074
0.4468161
0.3561906
0.2414838
0.2353732
0.8769815
1.364362
0.9622751
0.7866378
1.582001
1.713074
2.014234
1.1634
1.654515
2.420983
2.252145
1.925531
1.42567
0.8510682
0.7610762
0.9802274
1.010898
0.8730821
1.567733
2.216828
1.687141
1.15337
0.8657489
0.7582031
0.8937885
0.8664421
0.5426965
0.1203493
0.5197991
0.385305
0.1354377
0.338421
0.1806932
-0.0960113
0.4188875
0.8279545
1.231953
1.414653
1.653447
1.57262
1.569013
1.519461
1.239328
1.483348
1.182723
1.640805
1.248852
1.073371
0.3015441
0.8588905
0.9795274
1.256675
1.414607
0.9534352
0.70629
-0.007746103
-0.5728614
-0.6226735
-0.2134491
0.3234769
0.1053728
0.2464882
0.4537784
0.6588343
0.7960351
0.737384
0.3108388
-1.872387
-1.673286
-2.230136
-1.954973
-1.440728
-1.81638
-1.286424
-0.7717491
-0.3724611
0.06128822
-0.2098558
-0.2537606
0.1023629
-0.2637526
-0.4080788
-0.8631769
-0.6768787
-0.679832
-0.7706826
-0.6130078
-1.068122
-1.15968
-0.3984715
-0.3411191
-0.4174466
-0.5451274
-0.8850819
-0.3991326
-0.05223136
-0.2004515
-0.3304249
-0.5054291
-0.3568181
-0.3000806
-0.06227868
-0.2324693
0.1785992
-0.1933908
-0.01684968
-0.5852975
-1.119358
-1.243365
-0.7164457
-0.1333446
0.08660292
0.6892904
0.316061
0.1318999
