1.723688
0.6456264
-0.6589031
-0.06263845
-0.6997497
-1.124884
-1.019619
-0.8644016
-1.869611
-1.996295
-0.8934059
-2.731931
1.514373
0.2043694
2.159575
0.2871416
0.8817871
0.5406799
0.8432409
1.400278
1.070644
0.5189482
-0.04362662
-0.2528782
-2.650682
-1.373426
-0.8954158
-0.7430898
-0.5500227
-0.4557164
-0.1395857
-0.9469289
-0.9036707
-0.1134683
-1.762582
-1.145505
2.641921
0.6052408
1.00603
0.5335082
0.3973733
0.4417028
0.003510268
0.2114079
0.005776024
-0.2031055
0.8765849
-0.05381952
-1.190158
-0.5547401
0.07092624
1.323358
0.7192761
0.6243287
0.6636801
-0.13341
0.2807727
-0.1249655
-0.3193875
1.986254
-0.8733498
-2.088468
-0.5866843
-0.2069406
-0.7572647
0.2440943
0.1213351
-0.1807667
0.8214946
0.8765563
0.346378
1.593949
1.296673
2.587383
0.9550999
-0.6718928
-0.248575
0.4709857
-0.05526418
0.7550391
1.533521
0.6267678
3.392668
0.8809245
-1.39224
0.5204681
-1.172682
0.258376
0.3996688
-0.0005168638
1.273303
0.4367405
1.517114
0.3349133
0.8515342
0.1044148
-0.9585564
-1.853432
-0.1913685
-1.605031
-0.7704017
-0.2342623
0.2548498
0.7959746
-0.7377762
-1.066022
-1.519675
-1.245545
1.293578
0.7037703
0.3573498
0.2547961
-0.006914517
-0.3106438
0.30502
0.5450745
0.4680049
-0.9784707
-0.06891637
-0.001416
0.2076079
2.223016
0.2150961
-0.7822629
-0.3896812
-0.1363419
-0.1859521
0.192163
0.08911856
-0.2386797
-0.4504601
-0.6819932
0.1792026
1.240749
0.1361234
0.06060474
0.8463494
0.246189
0.5160862
0.4340302
-0.1035085
0.640488
0.4061999
1.98368
1.34335
-1.716323
1.079307
0.131969
0.523477
0.3784998
0.09664186
-0.4871794
0.3611958
0.410118
0.2324802
0.05838563
-0.9582698
-1.896545
-1.446112
-0.8274115
-1.285951
-0.5328576
0.6377013
0.06825287
0.01214126
-0.682239
0.2053896
0.8296421
0.9525512
-0.2037857
-1.027379
-0.5087368
-1.007631
0.2102324
1.000613
0.5615176
0.2856363
-0.2195728
0.7738597
-1.077892
-1.062859
0.7210333
-2.039574
-1.269591
-1.511302
-1.478336
-1.248033
-1.579182
-1.781664
-1.118551
-0.01524684
-0.597504
-1.148564
-1.815165
-0.5955166
0.4001716
0.4020692
0.0007022215
0.05766779
-0.01104798
-0.5567588
-0.018668
-1.049974
-0.5646748
0.218923
-1.117366
0.3155639
-0.6778256
-0.1483192
-0.4133089
-0.2220706
-0.5098175
0.09526841
-0.6025388
0.2579069
-0.3698825
-0.8133478
-1.580229
-1.317473
-0.43676
-1.428728
-1.109199
-0.6037855
-1.205019
-1.269546
-0.758068
-1.072361
-2.133186
0.7751357
-0.07874196
1.691691
1.140904
1.06759
1.735355
0.5495706
0.2506065
0.3099669
1.292277
0.9200249
1.101754
0.4221391
-0.5249703
0.6003509
1.219947
1.384076
1.331939
1.318271
0.7725795
1.251008
0.2320684
-0.8187015
-1.056269
1.121972
0.1785724
0.654987
0.2758646
0.4403783
0.8558284
0.681188
0.6717013
0.8261702
0.6654478
2.170774
1.851678
-0.8647297
1.464092
-0.5054572
-0.4512896
-0.8714923
-0.2313737
-0.5395817
-0.9750124
-0.895158
-0.595431
-1.599143
-0.3823065
-0.07860646
-0.4101711
2.360259
0.7848988
0.7881077
-0.4703401
-0.1344249
0.5267331
0.5979248
1.532338
-0.3805895
-0.3893443
-0.8622788
0.6321289
0.5625178
0.5202551
0.5342404
0.4923238
-0.5756375
-0.4464057
0.2436671
-0.8179293
1.584138
-0.7800717
-0.1667106
-0.947422
-1.500608
-1.124572
-0.350788
-0.07936816
-0.4830233
-0.2112195
-0.4524658
-0.09017434
-0.5978277
-0.5958771
0.7141281
0.2870279
0.06277535
-0.2642974
0.1742231
0.7379766
0.1445201
0.5092249
0.3146162
0.06833736
-1.105841
-0.3696919
-1.45804
0.7799811
0.8264124
-0.3916922
-0.02796017
-0.6204136
-0.7039666
0.05587148
0.205185
0.6416741
0.5959435
-0.3416968
1.258581
1.743518
-0.4246838
0.7850517
0.2416923
0.4270982
-0.4431858
0.611493
0.9754167
0.8539432
0.7681158
1.460429
1.369789
1.084738
0.663774
1.665017
0.9108336
0.8316855
0.3848973
0.2206194
0.7193027
-0.02686854
-1.054642
1.424264
0.1359051
0.4808352
1.031584
0.3740813
0.2122833
0.5046915
0.1722558
0.08067356
-1.134817
1.36224
-0.3121582
2.175045
-0.5253131
0.2367364
-0.4353823
0.08036492
0.5868428
0.09804744
-0.2495497
0.2423933
0.05182755
-0.7941542
0.2481132
-0.4750014
0.7517231
1.748862
0.8338858
0.3964652
0.8556932
0.4367522
0.06570563
-0.26475
-0.4791037
-0.3861206
0.3570154
-0.481518
-1.18264
-0.1709359
-0.4932716
-0.8001966
-0.1764873
-0.3350866
-0.5812576
-0.2258331
-0.5675029
0.1605821
-0.7353995
0.3391652
1.290746
0.1710172
1.34417
1.173665
-0.306639
-0.4357454
-0.3240652
-0.3868927
-0.7479253
1.237913
0.193321
1.248034
-0.7195747
0.792554
-0.1353745
-0.1921891
-0.05879908
0.09495375
-0.4794481
-0.008511024
-0.3588157
-0.8894911
-0.02025427
-1.478018
-2.665378
-2.364227
-2.603129
-0.893034
-0.3111716
-1.550113
-0.7731236
-1.095657
-1.385062
-1.934881
-0.4548743
-0.8705618
-1.084412
-2.813651
-2.425496
-2.033219
-1.278664
-2.033143
-1.469205
-1.121935
-1.108482
-0.9150472
-2.559815
-0.3706869
0.792408
-0.8694216
-0.9026712
0.2090176
0.2089984
-0.3050254
-0.3572782
-0.2347884
-0.1874996
0.4781244
0.1912541
-0.5503294
0.9113632
3.538979
2.597316
2.186479
0.6840509
1.176724
1.47532
1.47535
2.384204
2.471809
2.248636
1.698635
