-3.029779
-0.6119413
-0.8146886
-0.9738639
-0.1145692
-0.5702461
0.4647586
-0.3532485
-0.1774608
-0.8462231
0.3328413
0.5152885
-1.239469
0.4958248
-0.6447796
0.78448
-0.2945327
0.5072201
-0.2392226
-0.7869143
0.8286084
0.838272
-0.4517367
1.26044
0.3929453
-0.4522819
-2.909211
0.09387483
-0.6837723
-0.5713992
0.02431284
0.4704532
-0.3823042
0.1683454
0.6567534
-1.672687
-0.9014795
0.03848961
1.277289
0.1647652
0.1947657
-0.6780426
0.6235997
0.9841781
0.2767287
0.6381935
-0.129174
1.791231
1.35566
-1.801063
-0.5252629
-1.047924
-0.7136441
0.1909655
0.04658714
0.1690354
-0.1959321
1.344811
-1.740823
-0.2459215
0.5690371
-0.2413779
-1.79553
-1.595141
-0.5513
0.02600555
-0.5512273
-0.4056976
-0.06958605
0.751943
-1.076359
0.09055348
-2.334726
1.686712
-0.2537988
0.6378201
0.269302
-0.04831905
0.2914533
-0.03831712
-0.410174
0.4167078
-1.003317
-0.3281232
2.554894
-2.684955
1.353647
-0.09728514
1.019593
1.427083
-0.04197688
-0.4103362
-0.4675637
1.555987
1.288262
1.351727
-1.883519
-1.590451
-0.4547556
-0.09221821
0.6043111
0.5772874
-0.819225
-0.4932281
0.03390182
-0.09363267
0.741873
-1.550978
-0.1222807
-0.2326285
1.672175
-2.037184
-0.4585423
0.3095189
0.04372176
-0.5629368
0.1123995
-0.7110699
-0.4843343
1.143006
1.770153
0.5461589
1.121602
0.6362351
0.3583723
0.1471058
0.4738626
0.8213089
0.2252454
1.291941
-1.015025
-1.939427
1.416706
0.5288562
1.320858
1.789881
-0.8204436
0.9321375
1.069101
1.341293
0.3281155
-0.1000143
0.3018196
0.1414781
-0.1602327
0.5304978
-1.665317
1.203171
1.976512
0.6104404
0.2746982
1.263059
-0.3588174
0.2177756
0.002244874
1.462669
-0.6357414
2.263769
0.9452959
1.398147
-0.4786887
0.01230502
0.1386808
0.7382099
1.051821
0.289263
2.249243
-0.9047952
-0.6082497
-0.7080447
0.03022392
-0.6934972
-1.709007
-0.04251689
-0.2021006
-0.1261091
-1.536143
-1.762841
0.2309847
0.549538
1.028558
-0.43045
0.6185954
0.2311163
-0.2678834
0.6145159
0.308898
-0.2542718
-0.9143207
-1.240302
-0.06048869
0.1931377
0.3390163
-0.3192427
0.500796
-0.3392206
-0.5795487
-0.04411615
-1.204175
-0.986076
0.7504802
-0.9812505
-0.9832051
-2.427028
-3.292095
-0.1658807
-0.9473069
-0.4637201
-0.3942722
0.6866525
0.2348515
0.199611
0.9683031
0.4852181
0.8898816
-1.892303
-1.148963
3.196198
2.187155
0.2774081
0.08750705
-0.7354559
1.546098
0.6547891
0.5042896
-0.6857288
-1.380512
-0.06142387
-1.078322
-0.6077499
0.7898096
-0.2701757
-0.2238075
-0.6674229
0.3553799
0.2769133
-0.7940782
1.56363
1.413355
1.206574
1.512271
2.136549
0.6365022
1.010114
0.4429007
1.232875
0.4226481
-0.02493951
-0.07388808
1.395685
2.135519
0.6490034
0.1766776
1.796172
-0.2270478
-0.624622
0.2536789
0.6441814
0.01824076
-0.4373268
-0.350842
1.851264
-1.515522
-0.6134696
-0.5531535
0.07271814
-1.836652
1.167842
-0.4114369
0.1447733
-0.4150173
0.3212508
0.007686814
0.09842519
1.392293
-1.221484
0.05253169
0.5371123
0.3678133
1.048713
0.2573573
0.8456016
0.5188518
0.2129708
-0.9913764
-0.8034006
0.3207271
-1.04085
0.1226025
0.01602169
-0.1595687
-0.2129647
0.4078828
-0.2794386
-0.1590173
0.3997178
-0.1224522
0.5574801
-0.5827984
-0.4757027
-0.1683357
-0.1600529
1.230291
0.6765254
0.9685366
0.4704364
0.01436604
-0.3113284
0.2543698
-2.417376
-0.5475822
0.5325411
0.4141876
-1.829682
-2.012795
-1.161808
-0.4895035
-0.6143089
-0.6026391
-0.04228159
-0.5954537
-0.5109266
-0.5803891
-0.5803342
1.461676
-0.3547653
-0.423396
1.278306
-0.06133419
0.9132981
0.5178071
0.5104727
-0.09239063
-1.312041
1.568953
1.871823
0.3552253
0.1515131
1.845133
-0.4049884
0.614897
-0.8737716
0.4176571
-0.3640908
0.3975179
0.8484863
0.4079437
1.183199
-0.1178433
-0.2028739
0.3604636
-1.048012
-1.462495
-1.16404
-0.6989594
-1.085441
-0.07349669
0.8485801
-0.07836604
0.07757793
-0.1565733
0.7407347
0.8486609
1.065616
1.526635
-1.415451
-0.03850802
1.161503
1.029371
-1.077436
0.9030241
-2.532684
-0.3645989
-2.791242
-1.417448
-0.9260323
0.8952885
0.1281225
-0.2925831
-0.6579671
0.02947167
0.1346205
-1.224858
-1.363256
-1.986339
-0.2230007
-0.7943845
-0.8676742
-1.255418
-1.859501
-1.461794
-1.851403
0.1808489
-0.3872124
-2.014207
0.3114646
1.776774
1.533562
1.659765
0.116045
-0.9260989
-1.486542
-0.4183579
-0.6575777
-0.7858749
-1.787429
-0.01071785
0.3571263
0.3452802
-0.4811108
-2.815206
-0.4566648
0.9646865
1.691164
0.1641013
1.210319
0.7518777
-1.189537
0.5643836
0.8261475
-0.4451446
-0.005135482
-0.213236
-0.7639335
0.1555252
-0.4483737
0.03305957
-0.7014207
-0.3022833
-0.4289243
-1.189772
0.8354174
3.046851
0.8602341
2.517459
1.045707
1.586901
0.4719476
-1.34977
-0.1540165
0.2138169
0.02962893
1.398964
0.8287802
-0.01225374
-0.2026275
0.04643963
-0.6128674
-0.2940145
-0.6496239
-0.7649485
-0.09766752
0.1185823
0.3943194
0.05961669
0.1081921
-0.9044388
-1.057431
0.5676739
0.2938332
-1.183561
0.04968005
0.491451
0.2231847
1.189951
1.251422
0.6210712
0.9834874
2.244642
-0.1463269
-2.121249
-0.3251183
0.7313056
-0.504025
0.7834692
-0.09888726
-0.463527
-0.5038171
-1.239086
0.7889447
