0.5269133
0.3554524
0.273449
0.3903927
0.2789653
0.445724
0.2096567
0.4728228
0.4661773
0.5448805
0.6814201
0.9324139
1.582154
1.434248
1.441459
1.425786
1.423354
1.374733
1.085922
1.109112
1.034237
1.0639
1.248522
1.42689
-0.4617401
-0.5580283
-0.5992236
-0.4464606
-0.4618806
-0.4434564
-0.7183042
-0.6629019
-0.6826625
-0.6348441
-1.332213
-1.20631
0.2080464
0.06285157
0.1072809
0.2626483
0.3385158
0.1654484
-0.06426751
-0.1822233
-0.05862963
-0.0139566
0.1982872
0.6051615
1.908345
2.071641
1.839864
1.688262
1.58446
1.429857
1.120803
1.180036
1.213623
1.130482
1.275498
1.343846
0.6313087
0.7207166
0.6184803
0.4854386
0.2925161
0.2696899
0.205334
0.4003738
0.4119174
0.2628884
0.460825
0.6795974
1.108733
1.004582
0.9772636
0.7593702
0.7914259
0.4564188
0.5858887
0.573326
0.486003
0.7662369
0.6314065
0.7126215
-0.262385
-0.2022596
-0.01823329
-0.1030883
-0.2557456
-0.1072347
-0.2584446
-0.3287114
-0.1707328
0.06142403
-0.06434424
0.05702132
-0.7218357
-0.7116557
-0.6812732
-0.7364886
-0.7575701
-0.9792517
-0.8825898
-0.7924153
-0.7579682
-0.4630175
-0.4025344
-0.561197
-0.9715583
-1.056734
-1.328648
-1.607817
-1.610444
-1.615414
-1.795415
-1.72528
-1.688774
-1.697416
-1.761132
-1.622845
-0.6816691
-0.7431787
-0.6788132
-0.6294717
-0.6412017
-0.8046667
-0.76684
-0.7330085
-0.5406269
-0.6977433
-0.4379474
-0.5222858
0.2681928
0.2159886
0.09779464
0.3322746
0.4255398
0.3027091
0.3766752
0.2412336
0.1790133
0.1584867
0.2050047
0.3370348
1.989525
1.861684
1.987665
1.981009
1.912243
1.886284
1.938525
1.771805
1.617532
1.525219
1.793242
1.861395
1.525044
1.513102
1.643787
1.754449
1.681664
1.51067
1.206331
0.9561099
1.021626
0.9082144
1.154555
1.239834
-0.2905746
-0.354289
-0.3853887
-0.4887252
-0.4539728
-0.4930074
-0.534676
-0.6128645
-0.7417021
-0.686159
-0.5668708
-0.6413902
0.2170428
0.1623806
0.3202261
0.2371324
0.3655879
0.2837821
0.4053847
0.3978943
0.3363889
0.4267192
0.3785793
0.4027323
-0.1282046
-0.1600643
-0.2853787
-0.3292098
-0.3877372
-0.4462412
-0.2175061
-0.3054175
-0.2604143
-0.3541048
-0.3789559
-0.450933
-0.7178292
-0.5787446
-0.5443043
-0.5232262
-0.5774615
-0.6371316
-0.7488543
-0.7628939
-0.762004
-0.6958441
-0.5248862
-0.3727747
-0.1341113
-0.03155288
-0.04349607
-0.06438421
0.01419779
0.0659759
0.02762049
-0.08603258
0.009772528
-0.1327819
-0.04691252
0.01435459
-1.313195
-1.326849
-1.335121
-1.29832
-1.311339
-1.392839
-1.242222
-1.472199
-1.734512
-1.688478
-1.673636
-1.888587
-0.05497206
-0.06319219
0.0378609
0.01033697
-0.1311327
-0.06676618
-0.1595089
-0.136586
-0.107298
0.04715132
0.08098391
-0.08488047
-1.854803
-1.894492
-1.90459
-1.69956
-1.698002
-1.669286
-1.518105
-1.588818
-1.559956
-1.507122
-1.664117
-1.729127
-0.8515171
-0.6898808
-0.4886428
-0.7237483
-0.6099972
-0.4660574
-0.5493128
-0.4942521
-0.4092071
-0.3104039
-0.2741997
-0.1571045
-0.09341103
-0.2323543
-0.1378329
-0.1039401
-0.05785779
-0.08532683
-0.3254229
-0.3967012
-0.394311
-0.08832764
0.02434945
0.0500815
-0.4264083
-0.4394426
-0.3487085
-0.5131279
-0.5750768
-0.524182
-0.502368
-0.5929674
-0.4746383
-0.4166168
-0.3350136
-0.503605
0.1560975
0.3327378
0.2987854
0.2666281
0.2566279
0.1764268
0.1413782
0.3398581
0.4649922
0.5132521
0.4802152
0.3605846
-1.040463
-0.9131366
-0.8743099
-0.9373306
-0.9074574
-0.9856414
-1.044296
-1.105682
-0.9670119
-0.9908138
-1.094671
-1.137252
-1.773234
-1.840412
-1.848286
-1.884551
-1.862172
-1.916484
-1.972236
-1.908222
-1.669366
-1.662355
-1.733936
-1.750082
-1.442208
-1.401612
-1.464212
-1.521603
-1.598982
-1.542618
-1.470812
-1.53609
-1.456963
-1.533754
-1.678091
-1.864203
-2.304113
-2.21413
-2.148565
-2.112729
-2.120676
-1.917268
-1.877074
-1.789094
-1.66076
-1.741221
-1.919449
-1.924227
0.6424621
0.7674906
0.8141785
0.882434
1.035845
1.277297
1.307934
1.403998
1.192622
1.209592
1.280139
1.372242
0.4365381
0.4923258
0.33977
0.2908244
0.2083237
0.1901397
0.3419174
0.400169
0.3949367
0.1942588
0.03217781
0.003552626
-0.06705813
0.01876328
0.02297913
0.09463238
0.1474829
0.193932
0.4258269
0.4906854
0.413233
0.1307563
0.02498132
-0.2125346
0.469442
0.5944142
0.5901935
0.7820131
0.942858
1.122405
1.44889
1.405928
1.395907
1.285562
1.154108
1.04104
1.147241
1.07675
0.9538732
0.9927872
1.062171
1.197283
1.484519
1.532493
1.298692
1.162401
1.255929
1.179071
1.306065
1.270238
1.278485
1.401958
1.471439
1.662546
1.675711
1.765868
1.657489
1.434457
1.36289
1.356258
0.2769241
0.2019294
0.2716376
0.3411751
0.4154948
0.5949982
0.732593
0.8065628
0.7736778
0.7594332
0.688476
0.6306978
0.1817927
-0.01758996
-0.07159416
0.1539465
0.2181646
0.4389837
0.6482133
0.5887863
0.3302985
0.1801946
0.1654352
0.05751064
-0.008649385
0.2426618
0.1643808
0.008075541
-0.1102509
-0.07160501
0.1718522
0.1484709
0.1177679
0.1434102
0.1068089
-0.04781355
1.041939
1.04916
1.12262
1.193264
1.268856
1.121403
1.105236
1.220243
1.270514
1.390803
1.185265
0.9891403
