0.02261937
2.705268
-0.6863038
-0.3556211
-0.04868329
0.04761203
0.5012097
-0.4950566
-0.02123359
0.2685077
-0.1174283
0.5887045
0.928755
0.8698143
0.1802057
-0.05248924
1.069653
-0.1650821
0.2775
2.135115
0.2145578
0.1727233
1.647158
-1.23206
0.4382797
0.5901
3.199613
0.007557857
0.5906872
1.331869
0.9153007
0.485157
1.907698
0.9566299
0.9012359
1.544818
0.6201214
0.4097025
-1.315179
-0.7812918
-0.7971225
0.3820531
-0.9370584
-0.8898518
-1.329344
-0.004485776
-0.9186096
-1.784308
-1.199786
-0.6223108
-0.3812366
-1.224075
-0.3165308
-0.596169
-0.1775973
-0.05870454
0.7041336
-0.8950728
0.701441
-0.725836
-3.370404
-2.200407
-2.225982
-0.8835362
-1.895094
-1.508908
-1.992921
-1.095067
-1.964244
-1.073732
-0.5870454
-2.769589
1.807359
1.181478
0.4242784
1.163788
0.6717913
0.5216994
-0.7765625
1.559237
1.79269
0.6939676
0.9599277
1.042023
-0.08978909
1.366269
-0.1225646
0.5627184
0.5395848
0.1024335
1.188243
0.6148565
0.7983814
0.587615
0.2076911
1.021694
2.06937
2.357684
-0.04805624
1.152744
1.38062
1.258421
0.4231991
0.6903679
0.9933446
0.5965763
0.9432179
2.799388
-0.1112556
-0.9161844
0.4288237
0.9746909
-0.3328418
-0.3305297
-0.5505989
0.03773386
0.0266591
-0.4716752
0.7000923
0.05202409
-0.7119445
-1.654789
-1.346879
-0.7458575
-1.406493
-0.6889473
-0.9927856
-0.2867758
-0.512264
-0.5926701
-0.7062714
1.972609
0.3387047
1.335968
-0.02725053
0.06867665
1.797347
0.2073555
0.05608146
0.05081718
-0.5064493
0.6658177
1.016402
-0.02644882
0.8660035
0.6500055
1.058341
0.1254377
-0.1282175
0.4821775
0.8601813
0.6132697
0.455224
0.6476455
-0.2480597
-0.5971227
1.393018
0.5515337
-0.0634575
0.49988
0.7532469
0.7563176
1.998064
1.012278
-0.2803588
0.8201486
0.3579091
0.7025512
-1.491757
-1.297838
-0.674002
-0.831839
-0.4852061
-0.4996209
0.1116962
-1.060766
-0.7585956
-0.8054302
-1.273607
-1.345365
-1.093056
0.2050053
-0.5767152
-0.8770914
0.2253091
-0.1593472
-0.3981952
-0.3669203
-0.8527246
-0.9804649
1.250197
-0.4522932
-1.494156
-1.766647
-2.053951
-1.605022
-1.249263
-2.183599
-1.692499
-1.078095
-1.81033
-1.828108
-1.80159
-0.4311464
0.01433306
-0.9545852
-0.2301817
0.467806
0.241478
-0.1789011
-0.5995591
-0.8482628
0.06622883
-0.06633252
-1.122639
0.1789464
0.3563631
-0.8916569
-0.8958059
-0.1040758
-0.9933225
-0.4278859
-1.011719
-0.842165
-1.697817
-0.5249346
0.6012083
-0.2393118
-0.9075635
-0.4119259
-1.232672
-1.111759
-1.015819
-0.327621
-0.7948117
-0.2704509
-0.03384827
-0.7077739
-1.660936
-0.589447
-0.5608911
-0.3216344
-1.014642
0.5370771
0.6174559
-0.6096399
0.9317062
0.03058745
0.6396498
0.1433043
0.2522092
0.216621
0.07820803
0.5453864
0.8924138
0.6077565
1.070582
0.4751467
1.647002
1.067558
0.8500199
0.5475075
0.614425
2.010725
0.8653711
0.1263738
1.697554
0.761528
0.8795494
0.2726519
0.4861845
-0.02323379
0.4484966
0.4362731
1.009381
0.6357632
1.656033
0.9652876
0.5950765
0.02975521
0.5558156
0.5516862
0.3360088
0.1026217
0.9589985
0.7242535
1.412877
1.769503
1.052519
0.2751332
0.7354425
1.116408
0.5359591
0.3151758
0.3479215
0.08278164
0.8052182
0.2410021
0.2078149
0.5933961
-0.05873669
0.2690826
-0.4176848
-0.3839854
-0.7762824
0.6453272
-1.176551
-0.3237813
-1.027567
-0.08963344
0.1694071
-1.134079
-1.116658
-2.058974
1.115281
-0.5836704
-0.660284
-1.098372
-0.9833489
-0.9018256
-0.5855215
-0.01211906
-1.160611
-1.382615
-2.590665
-2.458067
-0.7475415
-3.067353
-2.515673
-2.115575
-1.895852
-1.645156
-1.468321
-1.274228
-1.937783
-1.215266
0.1549732
0.8287437
-0.7429131
0.309697
-0.125154
0.1493753
-0.5607285
0.624233
-0.7368776
-0.5979692
-1.20969
-0.8279048
-0.2269578
0.4719867
0.236555
0.6922257
-0.1873474
0.2970119
0.1866212
-0.2778777
0.5710272
-0.5932613
-0.3537045
-1.025533
1.066339
0.2092083
0.6796976
1.027984
0.7170238
1.173357
1.241152
1.188816
1.494386
1.889656
1.645245
2.529193
0.5986894
1.049801
0.5665929
0.196029
-0.1567713
-0.2617441
-0.3740927
-0.05312449
-0.7758675
-0.2404827
-0.2485188
0.4425556
0.7294047
1.934934
0.7820546
0.4576261
0.179846
0.4171197
0.9340185
0.2355218
0.4270691
-0.008252692
1.246567
-0.8999871
-0.8048725
-1.661249
0.068548
0.03576757
0.4208928
0.483927
0.1994133
-0.5877717
0.7384678
0.1430367
-0.6045309
-0.007771652
1.110467
0.2187286
1.315223
0.8239226
0.1180747
-0.104684
-0.06913985
-0.4226045
0.5247091
0.9336601
-0.4546967
-0.01034323
-1.225921
-1.309309
-1.492665
-1.366931
-1.037677
-1.126609
-1.112682
-0.9083178
-1.136825
-1.419067
-1.701788
-2.409355
-0.1297178
0.1297782
0.3623587
1.267155
0.7802932
1.173832
1.543375
1.008889
0.6198713
1.076546
0.9244031
1.629396
1.423164
0.0607681
0.03867537
-0.2106642
-0.3191505
0.671023
0.6118708
0.1835276
-0.2614816
-0.3330012
-0.9248809
-0.1577554
0.2123395
0.5677178
0.8801022
0.5837106
2.220798
0.4647968
0.8848062
0.9386374
0.557477
1.027019
-0.4093286
-0.5987651
-0.6462266
-1.372909
1.020848
0.7025135
-0.9268552
0.2002776
0.4175811
-0.218568
0.178183
-0.0353495
0.6959472
0.1604553
