-0.3065974
-0.8077356
0.3696859
0.4116793
0.07796645
0.6396592
0.6802151
1.259966
0.7285353
1.567816
1.401199
1.235468
-0.3708856
-0.9122769
0.7767897
0.5115384
-0.1247005
0.2540195
-0.2917292
-0.5745952
-0.4442779
-1.140372
-2.04534
-2.069289
-1.940656
-0.2271038
-1.983634
-0.1197018
0.4847562
0.2580996
0.7066058
0.6916751
0.4338515
0.8665954
0.1960362
-2.26082
-2.837334
-0.4970741
1.651824
-0.6752685
0.1158174
-0.3899064
0.1922688
-0.3988324
-0.6505595
0.8650747
0.503881
0.002321648
-0.05714842
-1.038722
-0.1015241
0.2980402
0.609791
-0.2834095
-0.2808226
-0.04704902
0.303756
-0.3527775
-2.043879
-2.321654
1.318926
3.570383
0.3694358
1.591944
0.7077842
0.5474511
0.3768816
0.7241334
0.4052751
0.9950054
1.541917
3.729701
-0.9045365
0.5295314
1.413913
-0.03513539
0.1888727
-0.4212157
0.1608334
0.1218998
-0.2268216
0.4419701
-0.1149061
-1.397691
-1.219589
-1.724436
0.9320089
-0.5827038
-0.06551203
0.3123115
-0.4159239
-0.2321825
-0.7156573
0.527895
0.1268691
0.2761529
1.217046
-0.4873421
1.123347
1.452392
0.8692813
1.18895
0.2571966
-0.4541266
0.1948146
0.8158325
1.79962
-0.8485709
-1.419805
0.5293648
-1.038836
-2.043818
0.3371553
0.2122971
-0.1579003
-0.08252165
-0.955496
-1.413059
-2.389586
-2.762645
-0.2633403
-1.541482
-0.1498941
1.205987
0.6720342
0.7800856
0.4222758
0.3361793
0.3918216
-0.02462934
0.207752
-1.259024
1.565448
1.369371
-1.610088
0.2158221
-0.7752193
-0.1367365
0.2169298
0.01458655
-0.03294149
-0.2053479
-0.6524077
0.421439
0.69415
1.379136
1.481656
-0.4464098
-0.141841
0.07221919
-0.3794046
0.307578
-0.8340387
-0.9691576
-1.657963
0.8091574
-0.8267419
0.09647468
0.883146
0.9119601
0.4761145
0.8621094
-0.1297923
-0.2564301
0.5399666
-1.279652
0.242945
-0.3032563
-0.9290529
-0.4053012
-0.4386416
0.3292225
0.3887527
-0.08668067
-0.2552014
-0.04121791
0.09080042
-0.588473
2.928005
0.2503611
-0.7298391
0.6749632
1.214116
1.803492
0.1176741
0.3261425
0.6776357
0.659188
0.6060328
-0.7299542
-0.6529062
1.716312
-0.9667515
-0.8348546
0.6978866
0.1172794
0.2116576
0.6558213
0.180988
0.1119191
0.184423
-0.1013008
-1.859434
-1.240795
1.735106
-0.1138247
1.759952
0.9751778
-0.2453149
0.5639935
-0.1331584
1.151763
1.002544
0.842645
0.4253559
-0.6223794
-0.6918733
0.1092374
0.4896905
-1.045521
-0.008149233
0.7504057
0.7197135
0.7630708
0.4734501
-0.4023291
0.6053727
1.468721
-0.572953
-2.504354
-1.12622
-0.3901543
-0.3152476
-0.6271058
-0.634925
-0.8698552
-0.4985926
-0.6246572
0.3909396
-1.763694
-0.4293023
-1.686925
1.378904
-0.3587711
-0.9593879
0.4747842
-0.6864537
-0.3040917
0.09567189
-0.1015022
1.185185
-0.6496397
0.515857
-0.4854986
-0.7582641
-1.369808
-0.4419787
-0.5781878
-0.1901103
-0.6752657
-0.1896766
1.273809
1.233063
-0.4026584
2.150911
0.213499
-1.493299
-0.2090745
-0.1734338
0.2016533
0.4670321
0.4312555
0.9944857
0.9775869
-0.7267631
0.8446512
-1.090833
-1.612537
-1.552359
1.16744
-0.1289698
0.5090169
0.05727213
-0.3842341
-0.6299308
-0.2697011
-0.8058783
0.969638
-2.904717
0.1118816
-0.9363381
0.2608867
-0.625523
-0.5638205
0.0008900029
-0.1608795
-0.5954628
-0.6194629
0.3908859
-2.465696
-1.543197
-0.9507309
1.705512
1.444179
0.1855634
0.2342833
0.6365393
0.417785
0.7967487
0.2864407
-1.202024
2.236934
0.9018958
2.091764
-1.423099
-0.519469
-0.6996818
-0.2567178
-0.4474481
-0.1362436
-0.8333205
-0.9125698
-0.2636934
0.9560627
3.69138
-0.3573801
-1.475427
1.465746
0.1789673
-0.509894
-0.1746721
0.1615688
-0.7283541
-0.8033735
-0.270192
0.1947819
-1.799511
-1.257439
1.18927
-1.662215
-0.6817285
-0.220942
-0.9669365
-0.9096076
-1.280332
-0.5708508
-1.064063
-0.1307861
1.537041
-0.2170635
-1.85704
-0.3100755
-1.171546
-0.6828849
-0.3238298
-0.4451718
0.09511035
-1.055565
-1.178077
0.6692638
-0.391774
0.4406881
-0.2372731
-1.268913
0.4542146
-0.1905777
-0.2576587
-0.2575113
-0.2053823
-0.2711272
1.207097
0.9643025
1.443101
0.4246673
-0.185842
-0.1506984
0.3925931
-0.2051096
0.0753828
-0.2159749
0.2371154
0.06633909
-2.180361
-0.4158189
-0.8565236
0.4714819
-0.6874499
0.2195189
-0.1951817
-0.5459285
0.2946812
0.0969402
0.3263239
-0.1157044
1.285947
1.051239
2.4787
1.829044
2.093167
-0.4455027
-0.2731458
-0.6792383
-0.3908887
0.09356483
-0.5170705
0.3079467
0.5529504
1.684223
0.4967817
0.3523672
-2.181504
-1.193161
-0.06102385
0.2900433
-0.1831062
0.1798799
0.7552101
-0.6083581
-1.452522
-0.853826
1.205086
2.409505
-0.1677383
-0.518261
-0.4118995
-0.3432651
0.03717606
-0.5273432
0.3044978
0.512827
0.2373504
-0.2468771
0.5291715
-0.6329406
1.718285
0.9243556
-0.04528461
-0.2040871
-0.1991322
0.3588639
0.6780102
1.017496
1.570923
0.7031014
0.9724692
0.6171404
1.332869
0.8827509
1.523212
0.616199
1.184373
0.7998689
0.7123379
2.676843
2.61223
1.630867
0.3770264
0.9720458
-1.094136
-1.168989
-0.6616335
-1.085727
-0.1163985
-0.5428043
0.5908477
1.030594
-0.1736157
-0.2658476
0.227311
0.1061014
-2.079987
-1.673716
0.2154322
-1.737698
-0.7297855
-1.166966
-1.605763
-1.915641
0.08442006
0.4618076
