-1.279286
-1.051177
-1.319431
0.8569335
-1.265398
-0.8977783
0.5337786
0.5159394
-0.7371312
-0.3649994
-1.465351
-1.665808
0.1516186
-0.2447811
-0.1934865
-1.141264
-1.676948
0.7298405
-2.152988
-1.750183
0.4151893
0.8290516
0.4368607
0.667034
-0.7860035
-0.6309637
-1.564868
-0.9522851
-0.9836324
-0.4946264
-0.1992488
0.8809029
-0.9000828
-0.9920234
0.1124184
-0.5137207
-0.02996308
-0.07209244
1.201308
2.523718
1.507499
0.9057
-0.2728166
-1.314637
0.03992389
0.4028414
-0.320763
-0.4108123
-0.05482453
0.274237
-0.4504383
-1.01908
-1.641042
0.2378217
1.317175
1.538032
-0.5641943
0.563965
0.418781
0.3577696
0.08361595
0.1484043
-0.8768739
-0.8477001
-0.9906538
-0.698515
1.611791
1.198092
1.287735
-1.138824
-0.09378802
-0.07157689
0.2450022
1.105787
0.719226
1.154788
0.6278572
0.7215419
2.502245
2.256293
1.676816
1.029802
0.357767
0.7188593
0.6723743
0.3474879
1.005919
0.5522074
-1.328284
0.2961484
1.16847
1.305958
1.887821
1.190608
0.519823
0.6539488
-0.5665961
-0.5548501
0.9294987
0.5203813
-0.3362803
-1.508083
-2.255271
-1.177566
-0.9465253
-0.9231037
0.357421
-0.788123
0.2366039
0.7678481
0.9861425
-0.4346423
0.357677
0.1992698
-0.5018556
-2.044166
-0.2648165
0.4493778
0.3981838
0.3428304
0.01198489
-0.2697241
-0.04587919
-1.611505
1.54556
2.162189
1.798753
1.023969
1.165031
0.4918301
0.3169182
-0.4597804
0.374182
0.9222931
1.124704
0.1676071
-0.07514976
2.322872
0.9016155
1.758716
1.059518
1.739621
1.114035
0.2363345
0.8290653
-0.02721444
0.7955392
0.3334762
-0.1561824
-1.156507
-0.335581
0.5493196
0.4567666
-0.4480435
0.5547742
-0.1992562
0.003160524
0.136201
-1.416459
0.2909254
-1.233986
-0.942969
-1.704896
-0.208955
1.517507
0.6130004
0.5014666
0.3856987
-0.2753736
-0.4565623
0.07450209
0.05870133
1.036384
-1.163053
-0.3609439
0.3465112
0.1864583
0.2810071
0.5622705
0.3720221
0.1235683
0.2980334
0.3842255
-1.350359
0.2108299
0.2150037
-1.594546
1.965451
0.4473722
-1.781232
-0.7741297
-0.6936136
-0.2418112
-0.593061
0.08325882
0.3313318
0.7959796
-1.180966
-1.546323
-2.016395
-0.7062316
0.5746117
0.08752634
-0.09832718
-0.3193752
-0.3611582
0.2088872
-1.365916
1.078061
-0.6227793
0.8806831
-1.626011
-0.1719743
0.8965257
-0.2943791
-0.7206334
-0.5938419
-0.974324
-0.9848575
-0.02872623
-0.07546498
-2.161476
-1.263309
-0.2244522
-2.139269
-2.558471
-2.298655
-1.313543
0.5558378
-0.3133997
0.8618337
1.487468
-0.535462
-0.7562095
1.654441
-0.2886626
0.5238259
1.423358
1.429043
0.5787771
0.5989853
0.8297299
1.054286
1.46607
2.108392
0.4292935
-0.80029
0.277851
-1.48356
0.9178592
0.348998
0.7070298
1.244193
0.4159355
0.03476002
0.9256218
0.4399922
0.9478378
0.3391085
-0.7096758
-0.5262881
0.4177936
-0.2774087
0.7780313
-0.2371279
-0.5159515
-0.5998263
-1.515216
-0.4036489
-1.274392
-2.3025
0.8219662
0.4526997
0.3061906
-0.1662789
-0.1518628
0.1116776
0.4781609
-1.319441
-0.2865229
-2.311483
-1.596302
0.5609106
-0.05052821
-2.544953
-1.27057
-0.9503236
-0.04007565
-0.1475756
0.4566112
0.0572327
0.01740428
-0.0930047
-0.5065813
0.3227873
1.23509
0.2065532
0.4888363
-0.01879055
-0.1956848
-0.2071901
-0.4315179
-0.03132435
-0.4080218
1.574701
-0.416267
1.097309
0.1838124
0.06455944
-0.06330326
-0.6920107
-0.3367269
-0.06321893
0.7510296
0.5359879
0.9070036
-0.3251279
-1.216279
-1.821502
-0.3722029
-0.6869859
-0.2939666
-0.4029259
-0.1364811
-0.09212109
-0.6713862
0.3306584
1.170353
1.412969
-0.9736513
0.0338878
-2.626481
-1.014405
-0.4842939
-0.2283086
0.2419926
0.2309321
0.4135521
0.4394968
-0.5302852
0.1065176
-0.09947732
-0.8461194
1.017277
1.063182
1.506576
0.1990413
1.147285
0.3704486
0.7452149
-0.07877433
0.07066706
0.7602514
-0.4348713
0.8237593
1.278513
0.8871461
0.04672366
0.7659188
0.7012858
0.2814694
0.4930731
0.5543776
-0.384657
1.033148
1.127349
-1.620473
-0.4496988
0.9938576
0.7273419
-1.248321
-0.1385326
-0.2321694
-0.8636222
-1.028265
-0.6959034
1.203903
1.826546
1.461047
0.6740224
-0.02908809
0.5344093
0.3428875
-0.0640124
0.04066908
0.3745573
-0.3609283
-0.5555236
0.3180133
-0.3647455
-2.744783
-2.38543
-0.6213161
-0.5516324
-0.1979846
0.07748666
0.07402905
-0.4281178
-0.4872319
-0.790081
-1.401482
0.1283766
0.7125765
-0.2723465
-1.044008
-1.253045
-0.6240821
-0.76699
-0.1438809
0.400901
-0.2229076
1.953045
0.0976809
2.301854
2.283187
0.7840491
-0.1554791
0.08107815
0.8125907
-0.05993455
-0.3328499
-0.1021496
0.05381206
1.005227
-0.1582668
1.496824
1.385052
-2.287364
-1.697227
-1.056934
0.123407
0.4773598
-0.5366848
-0.8984077
-0.3433151
0.5348125
-0.62852
-0.335979
0.05590058
-0.4592418
-1.21932
-1.205931
-0.4893578
-0.6276466
-1.495446
-0.7492933
-0.4418477
-1.112411
-1.439113
0.2875865
-1.676924
-2.223121
-0.4822047
-1.3312
-1.247617
-1.258991
-0.1678745
-0.5958923
-0.95013
-2.13609
-1.385899
0.1629747
1.229879
-0.1574276
1.705989
-0.05492065
0.4877804
0.4017379
1.713401
1.568379
1.377065
0.9070647
2.271304
2.316352
1.312961
2.991911
1.828419
0.1644764
1.419129
1.716294
