1.106174
0.7822579
0.8995415
-0.2612198
0.1897794
1.902768
0.09943383
-1.111962
-0.6228631
-0.9713043
-0.09309803
-0.1813664
0.2217654
-0.3430002
-0.7549103
0.04744637
1.089946
-0.8558825
0.2201749
1.466745
-0.5631235
1.102378
-1.281404
-1.36531
1.200307
1.803382
1.185185
0.4523936
-0.2748299
0.6417838
0.4499964
0.1238609
-0.5531608
1.877708
0.9291021
1.232658
0.3117976
0.1715366
-0.9147707
-1.777889
-0.9683086
-0.02697876
-0.8734612
-0.04253964
-0.4019454
-1.670426
0.06567488
-0.8271349
-1.626098
-1.364564
0.231211
1.342714
0.911035
-0.2383045
0.02459967
0.1433962
-0.4974979
0.2906648
-0.4907694
-0.7625508
-1.436313
-0.9393756
-0.1372333
-1.552161
-0.6448449
0.3574867
-0.857924
-1.001703
-2.103145
-1.14665
0.7903668
-0.2673723
0.1055691
0.4954616
0.3979667
0.9620871
0.8091741
-0.07441731
-0.8432007
2.406564
1.963896
0.1948654
1.662755
0.6032398
0.5860039
-0.3879858
0.07767413
0.9206005
-0.3041738
-1.265844
-0.1503298
0.3496812
-1.058875
-0.1991038
-0.808428
0.9375387
0.8934188
-0.6436381
-1.560476
1.720479
2.191773
0.3037945
0.1383354
0.7780586
-0.6508879
1.501509
0.4002478
1.194727
0.5848724
-0.7982697
0.2146933
0.6784235
1.785504
1.674454
0.6016783
0.8075773
1.278559
-0.2420589
1.591338
0.6042353
0.242848
-0.02131046
-0.1292054
0.9208863
-1.53108
0.4161292
-0.4170626
-0.01878233
-0.3425283
-0.2424932
0.3685101
-0.1163666
0.6658037
1.566035
0.5421227
-1.068821
0.09897896
-0.8616741
0.5646511
-0.4299425
0.5413681
0.9677109
0.3015319
0.1262004
-0.5473813
0.2254612
-1.23032
-0.7994581
-0.5899408
-1.247582
0.6736262
-0.01555802
-1.233833
-1.70084
-0.6232782
-0.8922956
-0.1614507
0.2447921
0.385506
0.7309535
-0.1000849
0.1563597
1.308715
0.8710325
-1.592242
0.7591003
0.08943243
-0.1395635
-1.554835
-1.227503
-1.765174
-1.609366
-0.7574256
-0.2010913
0.5947176
-0.8032705
-1.058872
-0.2459874
-0.6114252
-0.7053548
-0.3813025
0.2446118
-1.33459
-0.07868987
-1.405194
-0.1685296
-0.408356
1.066402
-2.246587
-1.747119
1.113544
-0.01530532
-0.5130872
-1.690523
-1.241198
-1.854195
-1.310114
-1.832179
-2.413572
-1.476422
-0.441773
-1.349102
-0.1070417
-1.030326
-0.5150595
-0.7854916
-0.09379394
0.4156277
0.2779921
-0.6424711
0.224137
-0.1882738
0.5815802
-0.2392986
-1.203794
0.586708
-0.009953264
-0.4720118
-1.460491
-2.775915
-0.9377647
-0.4642854
-1.367973
-2.187116
-0.8346202
-0.7434207
0.303587
0.640486
0.4946589
0.5356316
0.8472825
0.4161936
-0.2366578
1.79715
1.636054
2.565935
1.027636
0.945141
-0.05323283
0.428398
1.210458
0.9318107
0.4949109
-0.1358811
1.469563
0.4462155
0.8644061
0.3773051
2.009459
2.608127
0.8061818
-0.4710985
-0.9617575
1.092408
1.849186
1.441152
2.062651
0.6696894
1.103983
1.752011
0.6590445
0.7485063
0.08670213
0.3579763
0.2720847
0.5459419
-0.05041735
1.606626
0.394248
0.885023
1.014123
-0.6263747
1.71391
-0.1390745
0.843908
-0.1075733
-0.413874
-0.6293083
0.0511613
0.7861292
-0.4155738
-0.1466428
-0.03536634
0.3196224
1.790809
-0.7285426
-1.04813
0.3404513
0.1162483
0.7820815
0.2479016
1.089082
0.9307435
0.04578557
1.134181
-1.053676
-0.486708
-0.4583368
-0.498103
1.038033
-0.8048347
-0.1445543
-0.1310921
0.008189765
0.2962854
0.01786549
-1.778846
-1.189203
-0.8587477
0.5628132
-0.8011678
-0.1227559
0.311425
-0.1154821
-1.35989
-0.4975412
-1.378328
-1.431733
-0.01517065
-1.604227
0.9065289
0.02985023
-0.4866806
-0.8982948
-0.577608
-1.624159
-1.37721
-1.910221
-2.911262
-1.556916
-2.052373
-0.7326453
-0.8478563
-0.626299
-1.049584
-2.367857
0.4668348
-0.7051277
1.450278
-0.09478544
0.6127209
-0.2173104
-0.2527956
1.204642
1.267358
0.296501
0.2506571
0.7347494
1.448907
-0.4143874
1.540519
-0.03704647
-1.512369
1.255244
-0.2485441
-0.6372132
1.47848
1.591927
1.294438
-0.1108666
-0.03460075
1.756972
1.001083
1.770473
-0.1828249
0.7703645
1.518278
0.3061956
1.355879
-0.9766615
-0.7275642
-0.2511545
-0.2171501
0.7859999
0.3795957
0.5359896
0.2179239
-0.0051625
0.5508227
0.4866873
0.7944289
0.7326914
-0.4452426
0.8564253
1.769619
1.31432
1.155782
0.7105342
0.72705
0.9725863
1.063785
2.015474
-0.1580593
1.087715
0.7436727
1.313181
-0.654356
-1.63238
0.6480072
0.8621002
-0.4609484
-1.397911
-0.6236274
-0.6478492
1.456367
-0.5482351
-0.5033136
1.210005
0.6783285
0.2609061
0.7004058
-0.8323091
1.630449
0.5625321
2.141164
-0.8836883
0.5778865
-0.02575806
-0.6005181
0.1440943
-1.606742
-1.619268
-1.731805
-1.949662
-0.7075542
-1.150324
-2.246627
-0.8553997
-0.284423
-1.775191
-1.733191
-0.7254724
-0.5157782
0.2945408
-0.4609498
-0.07508666
0.4705164
0.4306649
-0.7271744
-0.7510111
-1.076229
0.8278409
0.6735876
-0.3919322
0.5203559
0.8287094
0.4177332
-0.4352196
-0.05775055
1.708833
-0.2493171
0.1845303
0.07692634
-0.9636882
-0.4872572
-0.7749364
-1.102446
0.6092621
2.10202
1.559086
1.602453
-0.9101878
-0.4015161
-0.4153159
-1.242402
0.6125235
1.629497
-0.03209481
0.5773098
0.4084599
-0.9894462
-1.16283
-1.039909
-0.3053771
0.0232753
-0.5945685
-0.3926824
-0.09395051
-0.4154021
0.05696353
