-1.790586
-1.32725
-1.627769
-1.833038
-1.414311
-1.082416
-1.385742
-2.447553
-2.152877
-2.116367
-1.985776
-2.132844
0.9745882
0.8259538
0.7652483
0.9710978
0.4599915
0.8175985
1.844242
1.756883
1.236327
1.956863
1.286755
1.411292
-0.9453223
-1.241362
-0.9240695
-1.372001
-1.77782
-1.112794
-0.7680107
-1.159198
-1.002463
-0.5912731
-0.6039958
-0.6899607
0.3371346
-0.1155122
-0.3025937
-0.2901252
-0.8328702
-0.7005556
0.06675549
0.7133446
-0.1108082
0.2482738
0.3607098
-0.08387136
0.1258228
0.1891032
0.4289949
0.5338207
0.3676283
0.2047888
0.5366213
1.27028
0.4518739
0.5362216
0.1161576
0.2018389
-0.1956847
-0.1806504
-0.3415005
0.2194956
-0.05874643
1.222702
1.634717
0.12914
-0.8112944
-0.3798815
0.5519175
0.1994011
0.3061359
0.6954467
0.8202952
1.011442
0.7565955
0.7954064
-0.4990132
0.8468232
0.6984493
0.6264884
0.7778207
0.5848618
0.8889297
0.71877
0.6104426
0.6037525
0.608707
-0.4955451
0.1529528
0.7793345
0.3656936
0.7931017
0.6876116
0.7271841
-1.031756
-1.206341
-1.343182
-0.8155861
-0.6780052
-0.9863575
-0.7850473
-0.6523753
-0.7785866
-0.9876878
-0.986274
-0.8855324
0.7562064
0.7917515
0.7697207
0.7699684
1.342027
1.702296
0.9642648
1.496837
1.037627
1.601894
1.200557
0.7030122
0.5513039
-0.06266157
-0.1274437
-0.2962103
-0.1578524
0.2819724
-0.8649523
-0.1208545
-0.2218916
-0.2855321
-0.1470806
-0.31667
0.9713054
1.534724
1.095168
1.317018
0.7879351
0.3810727
-0.6518725
0.7375559
1.369249
1.03172
0.9658122
1.0514
0.4439434
0.4116624
0.3424788
0.102399
-0.12455
-0.09321135
1.043862
0.0866839
0.4484854
0.2376993
0.5103946
0.7421231
-0.1636089
0.1081366
0.2539324
-0.0260646
0.2235987
-0.4035608
0.4896219
0.2107934
0.00916701
0.4835356
0.03992473
0.3273236
-0.09661303
-0.4790609
-0.4083984
-0.3935416
-0.7094766
-0.4561872
-0.03110728
-1.027701
0.005106697
-0.2526147
-0.2594755
-0.1908997
-0.5738324
-0.4522012
-0.3988959
-0.7924634
-0.5332849
-0.5697159
-1.130026
0.02523855
-1.1869
-0.3250597
-0.7115684
-0.6298339
-0.3608463
-0.3605449
-0.4314377
-1.318283
-0.6261664
-0.4676142
-0.4647762
0.538133
-0.391316
-0.6088341
0.009669432
-0.2341509
-0.5179157
-0.4771663
-1.120729
-0.4579007
-0.4005611
-0.5837032
-0.1526038
-1.124436
-0.4584568
-0.7298271
-1.266848
-0.9862404
-1.57609
-1.52956
-1.944673
-2.178848
-1.406086
-1.670489
-1.345463
-1.586362
-0.8410462
-1.122416
-1.523036
-1.238592
1.241084
1.10561
1.021084
0.6238882
0.9071928
1.06732
0.3571438
1.522242
1.077558
1.060589
1.424112
0.9313226
1.007038
0.5807852
1.027534
0.6024494
0.7224741
0.5795527
0.7694023
0.652783
0.8415775
1.072755
0.5555877
0.7342864
1.421357
0.9609089
1.082992
1.172781
0.5947909
0.7065751
0.912609
1.608372
1.118534
0.7833663
1.529831
1.194198
-0.632385
-0.6008831
-0.7042361
-0.3941059
-0.5978186
-0.6185231
-0.3375115
-1.94422
-0.8363464
-1.300774
-1.021051
-1.206913
-0.2304219
-0.0310552
-0.04611699
0.219478
0.0986724
-0.4149944
0.1689862
0.4422249
0.03647959
-0.1958723
-0.3670302
0.009163819
0.3926963
0.5902784
0.8743843
1.365828
1.463546
0.5718707
0.5278162
-0.8035829
-0.3985951
0.03938531
0.3224296
0.5759743
-0.9374715
-0.8800963
-1.19832
-0.9143413
-0.006363394
-1.608755
-1.275041
-1.400614
-1.792523
-1.008849
-0.8710645
-0.5373315
0.41439
0.3103393
0.4298702
0.5623328
0.05860409
-0.1249997
0.1266059
-0.7622794
0.7233948
-0.1739163
0.2251596
0.4062425
0.03474401
-0.04507698
-0.1365113
-0.477403
-1.150074
-0.2963769
-0.1902725
1.294958
0.3990549
-0.1297094
0.210943
-0.264852
1.086752
1.385981
1.502388
1.473669
2.226828
2.024529
2.061915
2.101588
2.961677
1.568769
1.743031
1.435557
1.019405
1.037487
1.264796
1.049148
0.6388583
1.608795
0.4205214
0.09234584
0.1697098
0.7584763
0.2383847
0.2230652
0.02512893
0.387882
0.4601252
0.6440912
-0.3016948
0.1856145
0.1328635
-0.3636714
0.3361461
-0.1399717
0.1461831
0.09575301
-0.8487946
-0.3649152
-0.2938977
-0.2178066
-0.2289126
-0.1535309
-0.1831886
-0.4502885
-0.6134253
-1.012752
-1.044115
-0.4570385
-0.05016517
-0.3980348
-0.3231829
-0.6743906
-0.5864337
-0.6310244
0.09970756
0.6794365
-0.6330714
-0.245327
-0.3194807
-0.2500696
-0.2254438
-0.5083114
-0.2443553
0.1349478
-0.6012098
-0.9216113
-0.6205499
-1.391869
-0.3638935
-0.5392061
-0.3799652
-0.07101624
0.2374019
0.545764
0.9300757
0.606568
1.355431
0.3330735
1.409541
0.1213114
0.6738091
0.4002101
0.4043911
0.01213199
-0.4520629
-0.01705233
-0.1348375
-0.2775975
0.2691429
0.2819227
-0.4401703
0.2842647
0.9461956
-0.1739626
-0.4193606
-0.4075595
-1.171197
-0.8367677
-1.422774
-0.6783731
-1.2678
-0.885914
-1.712156
-2.055463
-0.8778764
-0.7741369
-0.9677374
-1.418278
-1.845722
-1.987243
-1.905265
-1.886441
-1.803981
-1.562293
-2.717134
-1.586396
-2.743046
-2.621166
-2.658175
-2.02225
-0.3626077
-0.7714186
-0.02578356
-0.1397504
-0.1061582
-0.2311214
-0.8247266
-0.5134448
-0.9559129
-0.7284527
-0.02150857
-0.4413655
2.208642
2.047084
2.007151
1.649825
2.609513
3.346581
2.621227
1.880774
2.064273
2.96593
1.886865
2.461477
