1.923936
1.09069
1.509008
2.307873
1.432568
0.9124081
0.1152531
1.089567
1.420504
1.69276
1.651366
2.334515
-0.9068465
-1.151835
-0.5919232
-0.5315529
-0.7811473
-1.420106
-0.0253962
-0.9357237
-0.8031497
-2.018939
-0.6120385
-1.189277
1.352096
1.574409
1.821746
0.9561784
0.8058077
1.009248
2.112723
2.733518
1.141369
0.5099897
0.4624209
1.021561
-0.3001496
-0.2084341
-1.443446
-0.7194007
0.2081583
-0.5623537
0.407316
-1.319979
-1.168745
-0.1867676
0.4415412
0.626649
0.02321134
0.1142029
-0.2491687
0.2866739
1.058967
-0.1543368
-1.54203
0.03065849
0.7703214
-0.6114163
-1.015519
-0.6381627
0.5157128
-0.03724873
0.8368319
0.4923793
1.629082
-0.6752282
0.3767118
0.1485754
0.3974917
-0.2911191
-0.08666749
0.2935134
-0.2141366
-1.234249
-0.4994988
-0.2197256
-1.344838
-0.3255661
-1.361313
-0.3021525
-0.9897106
-1.313095
-1.382583
-0.9979651
-0.5117427
0.653006
-0.4298327
-0.6389968
-0.7404724
-1.723133
-0.9388067
-0.7612338
-1.40155
-1.032831
-1.125201
-0.8283606
1.62792
1.129166
1.26282
1.063715
0.7559007
1.9887
1.740616
-0.6973225
0.8675924
1.063399
0.8065991
1.10903
-0.3694718
-0.9829698
-0.07952186
-0.5463837
-0.1803379
0.08941279
-1.189921
-0.6968495
-0.5223851
-0.1440908
-1.265713
-1.011108
-0.3777742
0.1869254
0.3431572
0.2859955
-1.02637
-0.5305036
0.2947401
0.2605439
1.090501
0.7726527
-0.1013384
0.9422318
-0.5966581
-1.242596
-0.5599272
-0.3774489
-0.5729179
-1.200754
0.2597303
-1.358736
-1.549767
-0.5345191
-0.3470058
-0.4386545
-0.7762062
0.1592832
-0.9169653
-0.3041801
-1.130021
0.4969772
0.6286097
0.04976585
-0.6685398
-0.9618353
-0.9438086
-0.09713177
0.04791448
0.001985132
-0.2362021
-0.4448687
-0.3043329
-0.0257167
-0.8579851
-1.028587
-1.634712
-0.6282719
-0.688863
-1.008092
-0.02481612
-0.08639339
-0.4188794
-0.6119378
-0.8297095
-0.7168533
-0.8550079
-0.9794863
-0.87258
-0.2386297
-0.6459024
-0.6456825
0.07132246
-0.3258869
-0.4628122
0.3635472
-0.4485743
1.499811
0.778296
-0.3584169
0.8734442
0.5668932
0.4187093
0.1079908
-0.1653607
0.6011335
0.561542
0.5722787
-0.2937234
0.4087678
1.8601
0.5024015
-0.2870491
0.485542
0.5136216
0.3349131
0.5085209
1.49959
0.9195778
1.244779
-0.4338057
0.09302232
1.811714
2.538215
1.620938
0.6958721
1.332874
1.144754
1.154722
1.184889
1.648257
1.2247
0.9224707
2.025453
0.2990061
0.6177659
0.9657272
1.184806
2.155579
1.774742
-1.104051
-0.3784251
-1.184961
-1.497275
-0.1761857
-0.2228367
-0.7190427
-0.4767139
-1.312819
-1.486562
-0.9514899
-0.9542197
-0.6363802
-0.4390093
-0.9450034
-1.629085
-1.345115
0.03976515
-1.058065
-0.09828099
-0.3378055
-0.3763802
-0.8668205
-1.360227
-1.762293
-1.238614
-1.46554
-0.9853195
-1.656978
-0.5492336
-0.9721019
-0.7127847
-0.4460914
-1.760111
-0.5327962
-1.059055
0.7371417
0.6936722
0.7419086
0.8117946
1.27028
1.245224
1.416131
0.1512142
1.136803
0.7983472
1.186003
1.149158
0.4272937
-0.3262858
0.7155761
0.6776881
1.24879
0.5208102
0.7261286
-0.1054068
0.008742713
0.3727597
-0.4143623
-0.4384669
-0.2703992
-0.04262339
-0.6413885
-0.9308941
-0.9094046
-1.31354
-1.082426
-0.451677
-0.2544909
-0.4257174
-0.8343097
0.08001872
0.7876979
1.40579
0.8008466
0.7706343
0.1200828
0.5310138
-1.031631
0.3875839
0.8916342
1.188182
0.6277967
0.975374
-0.1486627
-0.3264676
0.1066198
-0.4441665
-0.4489847
0.1927658
-0.4007956
-0.5316613
-0.007804929
0.1994464
-0.5221055
0.3705986
-0.07199058
-0.2244225
0.2072272
0.3088194
-0.3543594
0.2095585
-0.7806437
0.9144826
-0.4089687
-0.4190181
0.2045621
-0.3629377
-0.9304781
-1.604706
-1.418115
-1.350989
-0.0986386
-0.4390664
-0.6084051
-0.9917742
-1.670871
-1.27022
-1.091075
-1.863919
-1.525327
-1.438087
-0.2184994
0.3850733
-0.3334381
-1.399306
0.2400431
-0.6862274
-0.2012563
-0.8408548
-0.448659
-0.6093187
-0.1508616
-0.1325413
-0.2872307
-0.7808461
1.017252
0.771109
1.377281
-0.4541889
0.119452
0.1287217
0.2440769
-0.1130737
1.166523
0.9599481
0.8196521
0.08340394
0.8265593
-0.1449767
-0.3180348
0.0008190401
0.9753187
0.8237578
0.5311127
0.7497222
0.28094
0.02501994
-0.2764758
0.2672108
-0.3749921
-0.1232148
1.301534
1.336864
0.2707691
0.2249971
0.4369789
-0.3141796
-0.1984759
0.2259982
0.2389844
0.1447842
0.6150506
0.4244862
-0.361679
0.4142945
0.2322147
1.346253
0.9955773
0.6026827
-0.3403915
-1.100083
-1.041494
-0.9741524
-1.188658
0.4584616
-0.8727979
0.2063781
1.472463
-0.2901995
0.08469625
-0.3359884
0.3812462
-0.2445537
-0.5573351
-0.1237915
1.002758
-0.02873385
-0.4323241
0.3334868
1.064366
0.2610644
0.3317077
0.02666344
0.8678469
1.029787
1.161438
0.7497721
0.4880663
0.9351569
0.4615604
0.5878778
0.6504243
1.831769
1.362575
1.241256
1.586459
1.963703
2.061846
2.148958
2.711407
0.8213857
1.306877
3.033873
1.580568
2.482282
2.740933
1.907524
0.08114395
0.5811621
0.1560725
-0.3639205
0.6055952
-1.377922
-0.06909088
-0.5971212
-0.02866559
0.8913956
0.2470164
-0.1282618
-2.441201
-2.544509
-2.170681
-1.80067
-1.824383
-1.766306
-2.012271
-1.716517
-2.854198
-2.510073
-2.666805
-2.115379
