-0.5273523
-0.03992416
-0.1126965
-0.9538053
-0.1684715
0.8411807
0.1663528
-1.158689
-0.2618435
-0.3620032
0.3352997
-0.7258251
-0.03608475
0.2134481
-0.5894125
0.278562
1.249194
0.4841169
-0.5187355
0.8128361
-0.9446004
1.095841
-0.959802
0.7495083
0.2087343
-0.9400498
0.02724313
-1.703977
-0.6914322
-1.676461
-1.429033
-2.725357
-2.234754
-0.4276246
-0.3837619
-0.162859
0.0759116
0.8472051
1.462363
0.5962162
-0.1770203
1.3865
0.9372596
2.641799
1.802497
-0.05869019
1.222785
0.1404295
-0.1990863
0.7188657
1.166983
1.249677
0.9968542
0.6769897
1.615612
1.480942
0.2025695
1.564861
1.204656
0.7490819
-2.166272
-1.510693
-1.152258
-1.813856
-0.9781026
-0.1540589
-1.053585
-2.261669
-1.599149
-1.53319
-0.9271915
-2.297141
-0.9575393
-0.1614558
0.08822787
0.5319297
1.010911
-0.2212732
-0.2158938
0.05413188
0.6782641
0.3839875
0.3403015
-0.4575025
0.4108179
-0.6297951
0.1857255
0.1356134
0.5607447
-0.8427921
-0.9755825
-0.2497115
-0.3260722
-0.3601134
0.02013593
0.9526421
-0.7069725
-0.6419798
-0.5660324
0.07782909
1.512929
-0.3206338
0.6498569
1.881766
-0.8280055
0.3401933
-0.3819465
0.07698671
0.1416437
-1.425509
-0.6662791
0.6273404
-1.105496
-0.504738
-0.1771429
0.4554644
-0.4136601
-2.573204
-0.4092706
0.4268235
0.8710112
0.05940059
0.8927053
0.7204493
0.5376339
0.9692741
0.2671867
0.7970877
0.9479576
-0.6227156
1.251832
0.2628592
0.6996985
1.676509
0.6127605
0.1461882
-0.1840549
0.04491829
-0.5102158
-0.7325225
1.691338
0.8294932
0.4687127
0.2864885
-0.2979416
-0.5659023
0.3623975
-0.6729584
0.7607682
-1.120611
-0.4283076
-1.056973
-0.7511833
-0.285338
-1.111097
-0.01101008
0.5967421
-0.1430793
0.2768368
1.217962
0.2680516
-0.1863748
0.6413257
-2.171898
-0.844047
1.1337
0.645283
0.890453
-1.04832
-0.298566
-0.9655859
-0.2169105
0.1265688
-0.1277777
1.376315
-0.1865807
0.2458772
-0.1606378
-0.7803818
0.03563841
-0.4317526
0.2414671
-0.2212591
-0.1246614
-1.597635
-1.218724
-0.2197842
0.89705
-2.061983
-0.3374442
-0.2504624
0.3740806
0.8955848
-0.1189238
-1.224397
-0.5576956
0.06721167
-1.309818
-2.802067
0.6024085
0.4142404
-0.2440932
-0.6996
-0.5142276
0.637482
-0.1258076
-0.5217757
-0.273408
0.2336062
-0.2877389
-1.108872
-1.044584
-0.666555
0.7230322
-2.146939
-0.003023107
1.696247
0.1701567
0.5645269
0.3380561
1.703993
2.806843
1.736232
1.40956
2.653647
1.390658
1.02617
1.568511
1.44188
2.056066
0.9544039
1.438347
0.7109938
1.329532
1.427747
2.029812
1.535663
0.07187386
1.133958
0.8416676
1.481287
1.585388
1.641676
0.8300323
1.880456
0.8589066
1.364189
2.194742
2.565116
1.930523
1.506053
1.260434
-1.001169
-0.3030294
-0.4741073
-0.7959098
-0.00151887
-0.5274666
-0.290841
-1.227231
-1.386634
-0.9299259
-1.188964
-1.690596
-0.3398286
-0.3680944
-0.09594595
0.4121968
-0.9454035
0.3305113
0.388693
-1.163122
1.028596
-0.8035277
0.2599835
-1.031987
-0.7297285
-0.6520284
-1.151553
0.4601839
-1.319738
-1.736737
-1.019919
-0.3987808
-0.6284065
-1.33231
-0.4599765
-0.1173909
0.3937705
0.4909118
0.5596209
0.5601596
0.7120442
-0.1333026
0.6888466
-0.1234932
-1.427488
0.01166068
0.4128681
0.1656186
-0.3455389
-2.077681
-1.334367
0.4822538
-1.046354
-0.7924882
0.002521274
-2.007357
-0.2364938
-0.232856
-0.09330385
-1.535648
-0.04553454
-0.5032666
-0.4048178
-0.3160746
-0.4650818
-0.6969102
-0.07191505
0.3075855
-0.1755221
-0.3112334
-0.4127629
-1.249478
0.454134
0.6904376
0.2013534
-0.8166868
0.2562566
1.358025
1.472669
1.024762
1.619967
1.186929
0.7098339
0.6735961
0.1320678
0.773441
-0.3992789
-0.1542262
-0.06158121
-0.650407
-0.3638562
0.03315718
0.3526742
-1.039591
0.5172789
0.7234467
0.5852032
-0.4647281
0.450252
-0.00677878
-0.3831837
0.5159238
0.01933663
0.1488683
0.8117605
0.7075614
0.05873385
-0.3874025
-0.1465082
0.1970654
0.06529436
0.6171747
-0.6165006
-0.09238694
-1.100222
0.0660883
-0.03034272
0.05168545
-0.1210103
0.4811819
0.683211
1.810587
0.955151
0.6120784
0.5515018
1.080294
1.912151
0.6995155
0.642363
1.735481
1.897575
0.678547
-2.020144
-1.591037
-1.804786
-1.933321
-1.7122
-1.805435
-2.265576
-1.202949
-2.199788
-0.9834493
-2.256341
-1.122831
-0.9391386
-0.8785176
-0.6353945
-0.105677
-0.7004484
-1.554883
0.5187563
-0.9313873
-0.6461144
-1.541474
-1.102117
-0.1867854
-0.38229
0.9228436
0.1789845
-0.7545817
-0.1683843
-0.3699197
1.148925
-0.980521
-0.7413114
-1.002838
0.4348142
-0.2691067
-0.6088597
-0.323571
0.4582353
-0.3728068
-0.3009537
0.4105349
-0.9332989
1.572602
0.04367369
-0.382424
-1.01398
0.378539
1.330012
2.000618
0.3203009
1.19654
0.8792976
1.658427
1.657286
1.619803
2.027318
2.211073
1.906217
0.9564766
0.5234292
-0.3080928
0.2316325
-0.1857711
-1.746246
-0.2432473
-1.302391
-0.1093089
-0.1368135
-1.102568
-1.55641
-0.630188
-0.5310448
0.2556308
0.5329512
0.6487739
0.7690721
1.423178
-0.3092614
0.2549191
-1.024469
0.6116
1.599531
0.0632412
-0.05617423
-0.8486698
-0.03624874
-1.536973
-0.4903025
0.3750658
-0.8722127
-1.182178
0.4203584
0.8122534
-0.4835025
-0.08354725
