-1.552818
-0.2306297
0.08381005
0.01601795
-0.04637923
0.146846
0.2069561
0.3866161
0.5008987
0.557117
0.09777861
0.1099291
-1.331585
-0.563058
0.6414988
-0.7505317
0.2041204
0.6925628
0.0291992
0.4277856
0.8579548
0.2183265
-0.01946236
-0.3073206
-1.353014
0.4666455
-0.4292407
0.6817116
0.6511587
0.168105
0.8800135
0.3597964
1.467081
0.9253166
-0.514133
0.5678084
-0.6782759
1.16382
0.7693772
-1.029747
-0.3794872
0.006848159
-0.2029613
0.7839458
-0.2391481
-0.1544603
0.1993735
0.4463015
-0.6851054
-2.769598
-1.763021
-1.164671
0.6739044
-0.9480678
-0.1146735
-0.1841672
0.5438324
0.2278835
-1.96187
-0.228637
0.235632
-0.9727488
-1.481797
-1.508747
-0.6355506
-0.5628219
-1.497327
-1.20302
-1.798359
-0.1024438
-0.3013684
-0.8725274
-0.5872239
1.258656
1.512354
1.214305
0.8406006
-0.0982881
0.3067758
1.412019
0.7045807
0.4107376
-0.07795429
1.598823
1.898114
-1.126512
2.90855
1.088488
0.8528865
0.9581815
0.3496697
0.5088739
0.3521638
0.680689
2.634265
1.370317
-0.5697241
-0.1525158
-1.097508
0.4717672
0.2074081
0.5743972
0.7646292
0.4448295
0.6724567
0.6757417
0.242585
0.6832917
1.832519
-0.3285953
-0.2323349
-0.7726804
0.3192928
-0.1905927
0.5940284
0.2459177
0.1339984
0.2987176
-0.1012974
0.06689182
0.5915792
1.314617
0.4419337
1.297035
-0.8514757
-1.074061
-0.620698
-0.5229349
-0.1735456
-0.2158728
-0.3942379
-0.7037522
3.013287
0.7471635
0.3047166
0.2879686
-0.02468354
1.187454
0.3444136
0.1847125
-0.1038465
0.2912425
0.7330832
0.5786478
1.265284
1.094738
0.977761
0.6275095
0.1719241
0.8851908
0.4130026
0.3195406
0.5110214
-0.158642
0.6150358
-0.7987718
-1.438858
0.6555122
0.9065421
0.7073411
0.1144568
0.3287454
1.18635
1.246868
0.7682338
-0.1638332
1.259885
0.4698445
-0.2366712
-2.632433
-0.7203937
-0.6796314
-1.007078
-0.3963542
-0.3327782
-0.442827
0.077922
-0.3273011
0.6037078
0.5006958
1.350455
0.9008245
0.6020139
0.4089604
0.3790208
0.6737412
0.3781754
-0.02994443
-0.3845306
-1.111495
0.1496032
0.07595744
-2.045507
-1.102876
-1.980121
-1.900834
-1.774097
-2.434383
-1.751377
-1.282032
-1.53365
-1.715884
-1.981963
-3.196853
-0.4495256
-0.8281763
-0.03040812
-0.56501
0.2728063
-0.1523073
-0.3778052
-0.2530996
-0.5332405
0.4053436
0.4114721
-0.7166888
-2.182852
1.307181
-0.7184979
-1.944556
-0.9100747
-1.32061
-0.4413108
-0.8831851
-1.584633
-1.878226
-0.5520112
-1.240875
-0.8408378
-2.545319
-1.084554
0.1738614
-0.9822421
-0.4421878
-0.2481539
-0.04085035
0.1015851
0.3093336
-0.3781906
0.7853792
1.579233
-0.373486
0.2017604
0.6615122
0.1622342
0.2957064
0.9505824
0.2019645
0.9187727
1.147164
-0.8696622
0.6934838
0.5347895
2.178486
-0.3670339
1.883058
0.9305857
1.693538
0.6298625
1.024863
1.326199
2.295222
1.364466
1.872765
0.3828031
0.3571717
0.302182
1.189939
-0.3530411
1.058062
0.5954911
0.7166481
-0.001720167
0.7677069
-1.179494
-0.9943817
1.043754
0.6707315
1.129212
1.395084
1.870134
1.394751
0.5803831
0.3367745
-0.2356543
0.241026
2.038908
-0.8697269
0.546587
1.243566
-0.9686604
0.3841154
0.8859836
0.2699429
0.7751177
-0.3476268
-0.4677089
-0.9088976
0.5040537
-0.7682441
-1.419136
-1.229914
0.8961646
-0.2214911
0.06917527
0.04948398
-1.412135
-0.4489799
-0.07980868
-0.8290394
-1.389489
-0.6423549
-0.5232902
-1.952437
-2.074826
-0.4204036
-1.451131
-1.457704
-0.7270738
-0.4628766
-0.1920276
-0.4812396
-0.7814898
-2.004523
-1.335086
-1.476586
-1.716236
-2.402044
-2.176036
-1.85711
-1.612208
-2.117727
-1.517451
-1.463492
-1.95952
-0.6200293
0.09473972
-0.1338959
0.9132882
-0.9017552
0.1204398
-0.7251722
-0.5562792
0.08370538
-0.4422093
-0.5239736
-0.6011903
0.4373215
0.3139113
-0.193021
0.2832253
0.6198575
-0.6431612
0.09979176
-0.2855389
0.03668694
-0.2227261
0.9581097
-0.6232353
0.0834144
2.584739
1.102358
0.8191179
1.991493
1.075877
-0.402521
1.270599
1.540225
1.006883
0.2657066
1.884741
0.1146611
-1.321629
-2.346597
-0.693084
-1.066016
-0.1340461
-0.1724203
0.004894848
-0.7838393
0.06422672
-0.1691067
-0.7515668
-2.128742
-0.1246509
1.288616
-0.4702663
0.4374602
-0.1246153
0.3565936
0.06833262
0.07610354
1.03999
0.1502879
0.7952045
1.312498
-0.6738493
-0.3845052
-0.02926972
-0.4139461
-0.4930891
-0.6279755
0.07286736
0.1936921
-0.5142685
-0.5048789
-0.07923377
0.05142152
0.7050644
0.2578642
-0.1256804
0.3053991
0.3797071
1.253782
-0.1166856
0.3764885
-0.2587668
0.6874675
-0.0300358
2.006549
0.3776522
0.8949654
-0.877713
-1.701449
-1.357899
-1.532415
-1.31076
-1.55471
-1.785191
-1.745196
-0.3033468
-1.766012
1.484705
0.7610579
1.442955
0.5368273
1.538334
1.185593
0.493551
-0.1878573
-0.5337628
0.1734731
1.533416
1.151704
-1.016482
1.598458
0.02130439
-0.2358835
-0.05250387
-0.01197198
-0.07532272
-0.120698
0.8523497
-0.1820174
-1.293149
0.9835922
-0.6088132
0.8315753
1.279488
-0.2103126
0.6530902
1.375782
0.6461789
0.1941037
0.8564183
1.373293
-0.3264626
1.454005
1.152592
1.259074
0.431449
1.515731
1.026935
-0.246974
0.1409227
-0.239202
-0.1600612
-0.4318962
1.392471
0.4315682
