-1.189178
-1.229205
1.602397
0.3133217
0.3389359
-0.9800963
0.145289
1.060661
-0.8329393
-0.7123877
-1.685025
-0.4175831
0.1396505
1.574476
-1.411547
-1.92427
-2.432392
-1.134418
0.5375619
-0.09486338
0.139043
-0.4316781
0.7906299
1.961222
0.9470409
-1.020329
-0.7220902
-0.1668046
0.1298759
0.1082895
-0.6180438
0.03633463
-0.9318429
-0.4427934
-0.8582287
-0.7611784
-0.3276218
0.001719741
-1.254841
0.4491207
-0.3781593
-0.1566052
-0.02376926
-1.003736
0.4986854
1.145335
-0.03230719
0.1983603
1.83733
3.337741
2.582429
0.7510386
0.3357388
0.7568956
-0.2312851
-0.006258845
0.5856824
-0.3455551
1.930359
1.050288
1.421534
0.6932371
2.99839
1.591675
2.171376
0.4167503
2.125267
1.691041
1.640008
0.9224344
0.1904599
0.5284523
0.4512888
-0.530644
-3.688831
-0.5930908
-1.876234
0.2551289
-0.02725222
-1.011241
-0.186749
0.493228
-0.1651747
-0.02020909
-0.4941194
1.557099
0.05473126
-1.31311
-1.195474
-1.400217
-0.4156005
-0.3401087
0.1041445
-0.3614447
-1.382031
-0.5593706
-1.351561
-0.4531865
0.05704585
-0.8068718
-1.612605
-1.046418
-0.05421592
-0.3555617
-0.5885335
-0.8778293
-0.6728197
-1.89209
-1.048506
1.557282
0.8280974
0.3689928
-0.5124713
0.08925173
-0.1998444
0.1968758
0.3375637
0.8545148
0.4178204
-0.2692628
-1.801656
-0.9931578
0.6692066
-0.5364395
0.431384
0.4290565
-0.06416348
0.4369849
-0.06919021
0.4411966
0.1112625
1.662688
-3.621719
-2.456487
-0.5302577
0.266615
-1.716782
-0.6606075
-0.7509801
-0.3924824
-0.7695684
-0.3831295
-0.2023879
-1.335875
0.04820866
-0.02524191
-3.115494
-1.07129
-1.402251
-0.02920958
0.09594313
-0.7135704
-0.5233489
0.4550658
-0.03678371
-1.481942
0.6251541
0.2650646
0.2593481
0.659396
0.5509127
-0.5780884
-1.132561
-1.41295
-0.5629374
-0.4930274
-1.715009
-1.633659
-0.1863351
0.9225583
0.7124469
1.38629
0.74839
1.089326
-0.2189218
0.4479632
0.9337733
-0.1313905
-0.802452
-0.7477494
-0.3940849
0.1061426
-0.9743719
0.3721961
-0.4300313
-0.39222
-0.3571732
0.2132699
0.8836709
0.2108977
-0.9615626
-0.8764817
0.920825
2.062018
1.476856
0.20378
0.4968358
1.431553
0.9490563
0.8892799
1.1055
0.8974816
2.393035
2.879104
-0.3163483
-0.6295911
0.1557174
1.171249
1.695244
0.02975292
-0.1290719
1.714171
0.3852833
0.1337755
0.5641291
-1.239662
0.5382825
0.76378
-0.8087808
0.3667997
-0.7671036
0.6558132
0.3073862
1.229159
0.6453293
1.104232
0.5063322
0.6582933
2.043954
1.59241
1.775525
-0.8609729
-0.781314
0.3783116
0.07089332
-0.2885002
-0.006864145
0.3930229
0.2954601
0.4629657
-0.02163344
-1.488042
-0.4725298
0.806679
-0.2297506
-0.3283254
-0.4767067
-0.0211319
-0.5803344
-0.6290114
-0.6395632
0.3623299
-1.537625
0.9701629
0.4292027
0.1360535
0.8996536
-0.5074179
-0.3619943
-0.8331744
0.153851
-1.583751
-1.021794
0.5135537
0.9161173
-0.9892341
0.7109412
-0.3808089
1.02807
-0.7616563
-0.2354046
-0.5788931
-1.16491
0.07867919
-0.4882877
-0.8023193
-0.431749
-0.9915004
-0.5255412
-0.4867018
-0.427361
-0.6390412
-0.8266234
-0.4045123
0.4195469
-0.1013638
-0.06177693
0.1499249
0.6137502
0.6331555
1.33597
-1.4473
-1.2562
0.1572294
-0.5819637
-0.7910175
0.5332106
0.01752374
-0.7739666
-1.286901
1.405215
0.2560376
-0.8289495
-0.4270336
-0.1777789
-0.9217321
0.8001785
0.4211719
-0.008560732
-0.2078471
-0.7744018
-0.5543901
0.7291185
0.5273177
0.7563009
0.2319456
1.610481
0.8537515
-0.1716319
0.5925698
-0.9101294
-0.8006063
2.205346
2.743345
0.1475146
0.2876667
0.9492753
1.33586
1.385376
1.207866
0.8706939
1.221417
0.9131407
1.160809
2.024508
0.6267442
-0.6792033
0.6451526
0.3898753
0.6149751
1.255518
1.117112
0.8762926
0.0528344
-0.3309005
-0.3567972
0.6212114
-0.2210493
-1.165049
0.4861372
1.31096
0.03514785
1.347046
1.184734
1.118644
0.4707729
0.1508041
-0.02282116
1.131434
0.01797863
-0.8381708
-2.054835
-1.411097
-0.4179084
1.524342
0.379686
-0.5290404
-1.528097
-1.627921
-0.0994765
-2.30593
1.474758
0.9428257
0.5739785
-1.504271
-0.6986329
1.393359
0.2488732
-0.2605868
-0.05078676
-0.5052817
0.4494872
1.728166
1.603186
0.2781428
-0.9474953
-0.583806
0.1575675
-0.451428
-0.207039
-0.01022196
-0.6708534
-0.5466579
-0.3742883
-0.5328925
-0.02724048
0.6004795
0.08700181
-0.3822459
0.5531191
0.02480737
0.9038189
-0.1585093
0.5005226
-0.1280341
1.355462
1.077265
-0.3650387
-0.3278494
-1.597943
-0.3296826
1.9934
0.5951179
-0.2486432
0.4399613
-0.04937007
-0.3829744
0.4461253
0.4899712
1.122457
0.07439569
-0.1285719
-0.02635814
0.8133901
1.149178
0.8141881
0.9647723
0.7193509
1.243313
1.706642
1.323695
0.8019812
-0.1789426
-0.590905
-1.569016
-2.18762
-1.797816
-0.7844123
-0.635788
0.1448087
0.6063349
-0.4619629
-2.389176
-1.11514
1.835834
-0.9532695
0.6783912
0.3878429
0.275168
-0.333821
0.2087205
-0.3975697
-1.149732
-1.151911
-0.3481197
-1.363665
-0.2215264
-0.321894
1.454763
0.7333419
-0.3843647
-0.8421113
-0.4476418
-0.3484274
0.2715295
-1.753023
-0.5393379
-0.8697882
-0.313436
-1.441338
-1.002813
-2.348676
-1.537688
-0.5487854
-0.597801
-0.7653013
0.2246949
-0.5887772
0.5299002
-1.047737
