-3.716418
-1.34052
-0.8281426
-1.569368
-1.006571
-0.8724273
-0.6325563
-0.9900041
-0.3691002
-0.2255071
-0.4045923
0.006679249
-0.3392436
-1.317567
-0.9648368
-0.4148639
-0.04693122
0.07321404
0.9134591
0.8193089
1.274865
-0.1170253
-0.4553992
1.015771
-2.121169
-1.794953
-2.233181
0.5205411
-0.748171
0.142271
-0.7047492
-0.8720306
-0.5249531
-1.020341
-0.8802244
-1.424804
-0.5850847
0.9378763
0.6623781
0.8791541
-0.001403819
-0.04983766
0.2246836
0.1328059
-0.07166227
0.5219738
1.560199
2.409235
1.620609
0.3131534
-0.1570667
-2.433723
-1.462731
-0.6225279
-0.06241051
0.1541843
0.1171921
0.6286098
0.49247
0.6321679
0.5255952
0.1183194
-0.4733332
-1.022981
-0.2591182
0.09628496
-1.034745
-0.3908573
-0.388606
0.6652875
-0.470419
1.743804
-1.076237
-2.143835
0.9412131
1.543499
0.9767615
-0.1575005
-0.08833569
-0.09619193
0.1415245
0.9684607
0.932592
-0.5962828
0.5794574
0.2873968
1.58517
0.3383321
-0.1903284
0.3153664
0.7140812
0.1674723
0.9961897
1.360145
2.579803
0.9075204
-0.5256948
-0.4354921
-1.25076
-1.250108
-0.316066
-1.187927
0.2999643
0.7251331
-0.08168439
-1.198635
-0.6906701
-0.3754818
-0.002981244
-0.4725075
-0.8992199
-0.7031928
-0.01665582
-0.2563827
-0.03609916
0.3958558
0.5924928
-0.3608011
1.454791
1.461606
2.521735
0.5331838
1.380818
-0.4173687
0.2493876
-0.7211412
-0.4544064
-0.2540771
-0.8767125
0.2960776
0.6691154
-1.109844
2.337054
2.674721
0.6575853
0.1629908
0.6805461
0.08656888
-0.1446353
0.07793351
0.2193211
0.2061554
0.6470068
1.903086
2.321908
0.9883416
0.5029945
1.322867
1.583814
0.7494068
1.119922
0.3239984
0.3025887
0.9390622
-0.2158976
0.6372901
1.770985
1.821787
0.5008788
0.6775845
0.7516361
0.2747338
0.9717126
0.2603428
0.4126514
0.747277
0.7456255
1.208632
2.034284
1.223762
0.6505612
-0.0007115088
-0.3925047
-0.2430631
0.7697742
0.2109266
-0.1155778
0.5137005
-0.05872404
0.3354562
0.7432371
1.008429
0.3868394
0.9101775
0.4706555
0.4861188
0.1796348
-0.3906024
-0.2702988
-0.08208615
0.6901221
0.1065763
0.4139868
0.7922329
0.4927148
-0.03958006
-0.6318911
-0.7457092
0.2439152
0.7070738
-0.2004784
0.2325992
0.04277307
-0.1274468
-0.4412967
-1.2286
-1.281346
-1.013464
-0.1369356
-0.2100158
-0.3664947
-1.306546
-0.4579018
0.2477488
-1.185483
-0.7590964
-0.6716139
1.131902
1.877261
0.01580836
-0.6448988
-0.8875905
-0.3753374
-0.1524448
-0.2355052
-0.1351116
-1.558253
-1.120888
1.001082
0.4048948
-0.9046089
-1.60298
0.001501971
-0.5434413
-0.589527
-0.1261029
-0.127383
-0.1862237
-0.6706498
1.176256
0.6285766
1.062636
-2.131593
-0.3911379
0.1844607
-1.463424
0.1552939
-0.3792013
-0.6203076
0.08456706
0.5409233
-0.0821355
0.1394158
1.158185
0.08116736
-0.2520154
0.4478966
0.2932935
-0.4123522
0.1241684
0.337885
0.4773829
-1.095052
-1.618384
-0.9665797
0.310086
-1.91204
0.01960485
-0.02849865
-0.2960855
-0.2711211
0.1698506
-0.7573161
-0.5802125
0.7636426
-1.23893
2.075471
1.055528
0.5230635
0.5639284
0.597765
0.8453323
0.4073223
0.9565435
0.7227837
0.2425421
0.3954879
-1.178952
-0.7552325
1.187908
1.696689
0.7418448
-0.117961
0.2790448
-0.3771582
0.5494252
-0.4748012
-1.043509
-0.2842243
-0.8331319
-0.9163674
-1.143165
0.2953618
-0.1313252
1.180491
-0.2216832
-0.2344375
-0.6838167
0.3809363
0.009980577
0.1942966
-0.9382178
1.170446
-1.425079
-0.8603002
-0.7294854
-1.125398
0.3001883
0.3325176
0.1138978
0.3992949
-0.2343923
0.1218034
-1.462911
-0.8925978
-1.299139
-1.544806
-0.9556972
-1.041287
-0.351624
-0.1678965
-0.2617179
-0.1587555
-0.8521677
-0.4328182
0.6868362
0.9085091
-1.468727
1.199344
0.4825709
0.9817767
-0.1602748
0.3104008
0.5459949
0.3150086
0.2864312
0.3620088
1.69679
0.1214393
1.545072
0.7754619
-0.6812503
-0.3413005
0.1551888
-0.4330788
-0.4852561
-0.551155
-0.5861815
-0.3580256
0.5754095
-0.2943699
-1.546993
0.3152027
0.9040136
0.6175003
0.03281228
-0.2251705
0.4033303
0.1415108
-0.3300375
-0.6910902
-2.836408
-3.807434
-5.54288
-2.788167
-1.615946
-0.2753342
0.3141263
-0.2706808
-0.2644812
-0.2314981
-0.7571191
-1.042814
-5.103961
-3.333539
-0.4049665
-0.2633868
1.403075
0.1745966
0.8730485
-0.02079636
0.2999442
-0.6420427
-0.334018
-0.05556444
-0.06520235
0.23985
0.09629016
2.020063
0.4596545
-0.1636939
0.05260513
0.2453527
-0.8111653
-0.8115824
-1.175061
-1.571849
-1.290502
0.5581312
-0.4644077
-2.196237
-0.00787748
-0.2675327
-0.2268486
-0.4797681
-0.1556138
-0.3600265
-0.4761995
0.3585139
2.372161
-0.7612018
-0.7107447
1.204784
1.256557
-0.5344249
-0.08366106
-0.5890042
-0.6074108
-0.4248209
-0.5522996
-0.3591456
0.7409074
1.411035
-0.1746302
0.9363217
0.656716
-0.1189626
0.1874881
0.4430165
0.1091512
0.7659292
0.1762078
0.4738999
2.121859
-1.913057
0.1406594
1.461765
0.6280041
-0.7999979
0.5762341
0.5766355
0.262479
0.7522933
0.09274817
-1.057657
0.7404095
0.3541492
1.699354
1.186231
1.051157
-0.1965184
0.9246796
-0.2083718
-0.1374706
-0.3134353
0.3203571
0.6679934
0.5146551
-0.587681
2.234572
-0.7936488
0.5891283
1.901997
2.221753
0.2915767
0.9182273
1.299126
1.377145
0.03594688
-0.5985263
