-0.0129654
-0.1642658
-0.162235
-0.1035879
-0.04406739
-0.1831301
-0.1973443
-0.08517894
-0.1204953
-0.08060803
-0.008641032
0.1690844
0.1585875
0.261205
0.03422472
0.2326272
0.128227
0.1049842
0.04115591
0.04537864
-0.04790349
-0.0811905
-0.03066758
0.2363847
0.8504047
1.022208
1.381425
1.208994
1.19336
1.097786
0.8359909
0.9242017
0.8970847
0.7607973
0.6791817
0.5444658
-1.423043
-1.167751
-1.202189
-1.095173
-0.6563742
-0.263784
-0.04425401
0.2913626
0.7394333
1.033221
1.388869
1.213758
0.2699136
0.06797143
0.003393487
-0.2568701
-0.1276625
-0.5638059
-0.5819378
-0.8996253
-1.382144
-1.780994
-2.056502
-2.104629
-1.298625
-1.24803
-1.078124
-0.9994594
-1.342442
-1.233442
-0.8926811
-0.9759055
-1.226637
-1.019482
-1.12626
-1.454409
-1.227126
-1.569282
-1.305938
-1.078344
-1.293838
-0.7795107
-0.6354711
-0.6333542
-0.6925313
-0.8271031
-0.988701
-0.8283396
0.4785556
0.5686836
0.5274063
0.5775395
0.7853469
0.7542183
0.8469355
1.151481
1.223456
1.128598
1.545755
1.719774
1.974528
1.890726
1.957036
1.981748
1.897509
2.008905
2.080965
2.100846
2.10817
2.116439
1.589565
1.207563
0.7543273
0.3707513
0.3946067
0.3304394
0.04050855
-0.3846771
-0.3827914
-0.296637
-0.1166471
-0.5768662
-0.7377114
-0.5069168
-0.7499299
-0.3056471
-0.2251921
-0.2005541
-0.05233788
0.04138575
-0.09658638
-0.1787179
-0.08153066
-0.1057633
0.1389983
0.4907649
-0.4748893
-0.06858223
-0.1794663
-0.1858444
-0.4343198
-0.6032895
-0.5909672
-0.4531608
-0.2506792
-0.5867067
-0.3904366
-0.3162828
-2.58566
-2.843891
-2.730224
-2.682512
-2.265141
-1.94024
-1.895149
-2.050748
-1.782704
-1.189688
-1.210908
-0.9289921
-0.00196572
-0.2180834
-0.1348034
-0.1034762
-0.1369755
-0.5746495
-0.6226364
-0.966119
-1.24385
-0.9600576
-0.7887802
-1.023545
1.079472
1.166948
1.290515
1.540658
1.637367
1.555338
1.266526
1.088066
1.142364
1.265882
0.9113844
0.6031358
-0.6217606
-0.7443942
-0.6862071
-0.4218604
-0.3040282
-0.05662032
-0.2618584
-0.4077034
-0.2471115
-0.05490129
-0.2616223
-0.09593357
0.4322915
0.07472079
-0.2732487
-0.5892401
-0.5684335
-0.5616667
-0.8230481
-1.077683
-0.9906985
-1.245871
-1.529125
-1.40407
0.3974721
0.2673842
0.2182088
0.1546808
0.2536677
0.2366872
0.1926288
0.2631349
0.3009644
0.2627565
0.2145752
-0.131036
-1.200102
-1.208256
-0.9846087
-0.5631111
0.126268
0.5428441
0.7879233
1.314604
1.413802
1.250289
1.421124
1.123531
3.865153
3.73517
3.306966
2.708869
2.341006
1.650556
1.13037
0.9819083
0.9361997
0.4811358
0.03906649
0.145438
-1.215511
-0.7211233
-0.5806268
-0.6282818
-0.454275
-0.5694407
-0.4659234
-0.4386033
-0.3523875
-0.3733352
-0.6565275
-0.9468139
0.09457213
0.2170955
0.2991008
0.6843015
0.7772563
0.9265257
1.015882
0.8996813
0.8621114
0.8184144
0.5618457
0.6959067
-0.02046524
0.1297066
0.2855668
0.320347
0.1902012
0.1546153
0.2657185
0.1705354
0.01071949
-0.02027014
-0.291392
-0.2630509
-0.5266509
-0.4114783
-0.04270994
0.1464675
0.0955817
0.4168447
0.6056827
0.9013819
1.050785
1.226382
1.469003
1.678547
1.58707
1.407135
1.278509
0.7477347
0.4078281
0.6605428
0.6372452
0.6698421
0.4330373
0.5861075
0.7615259
0.8202494
-0.2599758
-0.7616494
-0.6824058
-0.6261836
-0.5628668
-0.376351
-0.3667535
-0.2159649
-0.1615272
-0.03633447
-0.06187513
-0.2451524
0.3632969
0.3882313
0.6451529
0.6615704
0.8468276
0.5822787
0.4833792
0.3520946
0.02545175
-0.3044486
-0.3936753
-0.3119
0.1129834
0.1566241
0.06350309
-0.1465504
0.06988779
0.4281016
0.8858005
1.057994
1.146128
1.663846
1.484917
1.389404
1.229761
1.132653
0.826501
0.6587843
0.2702867
0.1625558
0.3138827
0.1815423
-0.138899
-0.4640156
-0.2124546
-0.02544617
-0.4806258
-0.6265382
-0.4745473
-0.3051234
-0.002601626
0.2048845
0.3459736
0.2820898
0.117408
-0.2181809
-0.3865329
-0.77381
-2.146177
-2.042484
-2.152303
-1.888466
-1.540049
-1.221313
-0.97813
-0.8316481
-0.6713054
-0.7243727
-0.2120135
-0.07294838
1.226125
1.276322
1.04688
0.5980762
-0.04561045
-0.6700588
-0.9420104
-1.087539
-1.200741
-1.138123
-0.8769068
-0.9521623
-1.23658
-0.9974918
-0.8619912
-0.6593408
-0.5166162
-0.5142702
-0.6131694
-0.6073391
-0.4497837
-0.4081288
-0.6895965
-0.5506622
-0.6551496
-0.2298115
-0.209308
-0.2755889
-0.5788185
-0.2084335
-0.2026893
-0.222532
-0.3932768
-0.4269474
-0.4892577
-0.4022635
-0.7297469
-0.5692004
-0.6846093
-1.03766
-1.284476
-1.414805
-1.563122
-1.591001
-1.317074
-1.372691
-0.9199061
-1.110795
-0.9477189
-0.7878682
-0.5479147
-0.4510542
-0.6279082
-0.7814615
-0.8507483
-0.7904517
-0.726427
-0.317415
-0.02027311
0.05017142
1.576134
1.254069
1.16296
1.303588
1.334732
1.482103
1.643984
1.745969
1.942406
2.191298
2.084754
2.142005
2.417383
2.236708
1.968461
1.592025
1.194558
0.6755484
0.2265222
0.2097669
0.2577614
0.12833
0.3362781
0.3806369
0.2833498
0.3534816
0.2727642
0.2982674
0.5022055
0.3452141
0.2310713
0.01097921
-0.1662176
-0.1322159
-0.06352582
0.09899583
-1.156643
-1.145395
-1.648464
-1.365866
-1.203613
-1.114276
-0.846076
-0.8821248
-0.929367
-0.5828722
-0.3721055
-0.441618
