-0.7070099
-1.494105
-1.298039
-1.623664
-0.7975909
-0.1910676
0.9367002
0.4052384
0.2146498
0.1649746
-0.4513241
-1.162999
-1.595678
-1.53732
-1.178453
-1.316257
-0.6628664
-0.2164253
0.4994406
-0.005113776
-0.3134111
-0.5607633
-1.391791
-1.884657
-0.9606702
-0.8993102
-1.329612
-1.449477
-0.7829255
-0.2732982
0.8465604
0.5506734
-0.06168414
-0.3124322
-0.2647624
-0.8733408
-0.7400843
-0.3172186
0.3399141
0.3719181
0.1371382
0.7783723
1.368623
1.293901
0.01251769
-0.6666152
-0.9754353
-2.027732
-2.856894
-2.615617
-1.781223
-1.20802
-1.063842
0.02337375
0.5596804
1.477331
1.546016
1.185916
0.3532815
-0.4375893
-0.6707589
-0.9028857
-0.7674749
-0.8249055
0.2576774
1.030297
1.908406
2.219645
2.107983
1.455739
0.7713419
0.493859
-0.4834476
-0.546338
-0.0550586
0.369878
1.192616
1.762994
2.172471
1.80275
1.712676
0.9432356
0.4264745
-0.05382133
-0.1712518
0.002734514
0.1314246
0.320352
0.6166247
0.9530081
1.097839
1.584701
0.9636576
0.4494383
-0.8061598
-1.009866
-1.101847
-1.357593
-1.400426
-0.9306068
0.1118234
0.8610235
0.7744156
0.7498682
0.537989
0.5479603
-0.1761556
-1.426584
-1.412555
-1.210196
-1.26185
-0.1528696
1.136783
1.594777
1.902815
2.496934
2.000744
1.577614
1.482308
1.164208
0.3982026
0.1270293
0.5383869
0.7185105
0.7570831
0.7499247
0.8712553
0.8754053
0.5381606
0.7227709
0.4776534
-0.03595542
-0.284025
-0.4453881
-0.3123373
-0.1554971
-0.1204337
0.4501201
1.070785
1.443025
1.174256
1.041538
0.3180849
-0.3485502
-0.5283547
-0.1556487
-0.2937503
-0.5167955
-0.5766935
0.2577017
0.2835961
0.3006414
0.3320492
-0.5164161
-1.523267
-1.74169
-2.380911
-2.092597
-1.761106
-1.041588
0.01238802
0.7406678
1.568208
1.724614
1.739494
0.9400077
0.2477624
-0.5005181
-0.8797339
-1.234388
-1.099653
-1.070958
-0.9659862
-0.4430431
0.01047767
0.3126019
0.7509743
0.2881497
0.1255117
-0.1133672
-0.3399138
-0.04293556
0.1173878
0.2762142
0.269095
1.336443
1.856062
1.697211
1.247913
0.07652006
-0.03121522
-0.5959351
-0.8788031
-0.8920581
-0.3375814
0.2575938
0.7865556
0.9703932
1.161093
1.287164
1.263575
1.318179
0.5397756
0.197793
-0.6336176
-0.6677919
-0.2583922
-0.09094744
-0.2787593
-0.009422415
0.134973
0.6975887
0.6748968
0.4764725
-0.3603768
-0.5514148
0.482981
0.4231168
0.1273731
0.09755716
0.117587
-0.06490405
-0.5271567
-1.159084
-0.864518
-1.464912
-1.72694
-1.604762
-2.438966
-2.218
-1.96778
-1.246006
-0.7410957
-0.543562
0.2891612
0.8753151
0.9779012
0.603825
-0.2669399
0.05141893
-0.04722644
-0.1302236
-0.6708592
-0.9124213
-0.3325526
-0.7401354
-0.6783468
-0.4769519
-0.3776818
-0.05069736
0.2595552
-0.2296524
0.1466157
-0.2344564
-0.3382492
-0.4194323
0.0183182
0.4687051
0.4139108
0.7455615
0.6110767
0.3593087
-0.3646053
-0.3892722
-0.4795505
-0.564718
-0.3989593
-0.09450541
0.07773566
0.5576244
0.6054689
0.569477
0.9725869
0.6707538
0.499511
0.4189549
1.472878
1.439027
0.9239223
1.000182
0.6878976
-0.1889555
-0.835941
-1.116608
-1.22605
-0.8874153
-0.4286723
0.07544774
0.3111089
0.7679518
0.6716485
1.223329
0.8573237
0.3393755
-0.9234587
-0.8252955
-0.6968256
-0.4841028
0.3061466
1.002963
1.38491
0.8360558
0.8135689
0.7493402
0.7239645
0.3703837
0.08060193
-0.7499408
-0.5642
-0.3333171
0.2493774
0.458637
0.8446137
0.9150054
0.7050815
0.3837904
-0.1569439
-0.4512725
-0.789532
-1.234733
-1.189061
-0.6491013
0.3298295
1.154188
1.533687
1.736089
1.657729
1.225432
0.9509767
0.03422092
-0.9535391
-0.9824231
-1.133966
-0.9802264
0.3223101
0.4018074
0.4945259
0.8062851
0.8605045
0.3670789
-0.09652597
-0.7830613
-1.103659
-1.004554
-0.6147146
0.1603833
0.9003073
1.54727
2.581114
2.500747
1.773631
1.280747
0.1940745
-0.6989314
-0.7898077
-1.301028
-0.912105
-0.1240539
0.2139474
0.9797353
0.9138789
0.9950534
1.029623
0.9550493
0.09667056
-0.4089669
-1.190107
-1.201701
-0.8894257
-0.3931137
0.2041648
0.107061
0.04629075
-0.02921974
-0.2235843
-0.4085107
-0.5400137
-0.6493993
-1.330431
-1.376568
-1.125254
-0.04213556
0.673604
1.438538
1.670333
1.813572
1.24315
0.5764675
-0.3037562
-1.465533
-2.108624
-1.993687
-1.39643
-0.5695617
0.6491272
1.120618
1.148988
1.086445
0.6358791
0.1725013
-0.3355277
-1.207363
-1.800416
-1.6421
-1.340034
-1.281081
-0.7981792
0.2335952
0.9437557
0.9753151
0.5648516
0.3083918
-0.1241881
-0.9757522
-0.9459669
-1.007344
-0.5042471
0.3054506
0.1174639
0.6505474
0.9450695
1.230151
0.9831625
0.5534111
-0.06687661
-0.7105282
-1.34086
-2.05514
-1.550905
-0.9312042
0.01564076
0.6242987
0.8330051
0.9091522
0.5444809
0.2630126
-0.6503242
-1.304879
-1.744785
-1.695589
-1.429124
-1.330944
-1.20097
-1.049773
-0.7646422
-0.6996872
-0.2728128
-0.1952201
-0.3892518
-0.5487546
-0.7068074
-0.6039123
-0.7839694
-0.3393152
0.5144984
1.124549
1.495765
1.376607
1.14872
0.3253303
-0.2229695
-0.7833654
-1.340251
-1.299423
-0.9519129
-0.2541343
1.016536
2.177178
2.485265
2.165771
2.053035
1.75924
0.1445799
-0.6414452
-1.283437
-1.317489
-1.351114
-0.9742303
-0.06341115
0.8389648
