-0.7010074
-0.7461339
-0.9373258
-0.8201994
-1.088773
-0.6694192
0.04373911
0.07968315
0.3568263
0.1182638
-0.09681012
0.1895675
0.2540223
0.3020854
0.1263141
0.2067467
0.5181846
0.5573371
-0.02618563
-0.1412327
0.03995548
-0.8704425
-0.8673274
-0.956783
-1.84351
-1.862557
-1.457814
-1.66343
-1.740387
-1.162997
-1.467775
-1.452271
-0.9049267
-1.583008
-0.9804617
-0.6872433
1.363109
1.605006
1.65525
1.562141
1.132827
1.696946
1.534482
1.232027
0.860522
1.258593
1.220527
1.118346
1.883412
1.492672
1.581261
0.9924086
0.7562621
0.9160558
0.9309995
1.070484
1.167181
1.634403
1.942483
1.991101
0.6247848
1.203463
0.866697
0.7276832
0.5491361
-0.3016935
0.2319059
0.4821806
0.6914164
0.4050277
0.5724798
0.07232497
-0.6814936
-0.4757172
-0.2265386
-0.1954938
-0.1366756
0.5947186
0.6877675
0.1607699
0.782649
0.9672372
0.5955301
0.1420695
-1.019208
-1.131746
-1.025579
-1.432787
-1.523916
-1.621404
-1.277246
-1.527169
-1.507239
-1.103296
-0.9817985
-0.6954368
-0.8578894
-0.6842543
-0.6432691
-0.7350445
-0.808807
-0.7297029
-0.3996688
-0.5068622
-0.1480184
-0.9852931
-0.8893867
-0.7460708
-0.6536177
-0.9977357
-1.293842
-1.176376
-1.358113
-1.450611
-1.835371
-1.703373
-1.890092
-1.661242
-0.6762497
-0.6419131
-0.246684
-0.1505326
-0.4555048
-0.5159609
-0.1339829
0.383268
0.4260451
0.06244468
-0.6461741
-0.6105279
-0.7330705
-0.4502753
0.4416382
0.4519556
0.4071291
0.05162637
0.5203727
0.3266596
0.416656
1.360878
1.000999
0.4925592
0.05901475
-0.6121119
1.557458
1.939963
1.977044
1.956532
1.772862
1.830509
2.654336
3.184877
3.281733
1.662929
1.512429
1.886382
1.25425
1.685068
1.61572
1.389033
1.400968
1.069556
1.546354
1.318319
0.8593591
0.4887557
0.8272343
1.136266
-0.4625382
-0.4588175
-0.4801317
-0.305141
-0.4879134
-0.856786
-1.251529
-1.467282
-1.291831
-1.626716
-1.579593
-0.949229
0.1707055
0.291613
0.2886699
-0.06029274
0.1466067
0.497974
0.9178325
0.8007187
0.4108812
0.4053019
1.697408
1.965584
1.053253
0.9305533
0.7409564
0.9050575
1.219576
0.9079379
1.225221
1.764127
1.235015
1.160305
1.058988
0.7454522
-0.9926938
-1.453471
-1.688245
-1.326388
-1.324127
-1.305643
-1.887742
-1.383752
-1.569354
-1.353491
-1.250741
-1.47295
0.09438989
0.5388694
1.002444
0.9132375
1.256297
1.260965
1.411415
1.853045
1.680245
1.626896
1.425099
1.561661
-0.8121482
-0.7823545
-0.9866093
-1.402648
-1.421986
-2.479269
-2.695428
-2.837078
-2.377787
-1.632924
-1.492608
-1.28721
-0.2606936
-0.3066612
-0.4317973
-0.4680748
0.208809
-0.5857626
-0.6142622
-0.3961475
-0.6131853
-1.053946
-0.9291325
-0.839081
-1.868934
-1.314231
-0.9592043
-1.360904
-1.014869
-1.427075
-1.559381
-1.49505
-1.417629
-1.946947
-2.108402
-1.374725
-0.6685019
-0.8029624
-0.7866673
-0.7853411
-0.7941514
-0.1184364
-0.2764657
-0.3264038
-0.4450384
-0.47772
-0.4855037
-0.3474346
0.3448158
0.9342996
0.3297406
-0.2451135
-0.2660837
-0.4045563
-0.8613901
-0.3849684
-0.1916075
-0.2014306
0.08897258
0.1168909
-0.08167686
-0.370948
0.2845529
-0.02249448
-0.0183553
0.4936344
0.3878747
0.7628651
0.6614698
0.229654
-0.265733
-0.1046065
0.9043288
1.169104
0.9473801
0.8768179
0.8571827
1.979386
1.716903
1.778731
1.139144
1.001819
0.7800403
0.4774626
-0.3746182
-1.05899
-0.8278265
-0.1508215
-0.0958545
0.3895843
0.291299
0.2008276
0.4643613
0.6635824
0.7664441
0.2548868
-0.2914666
-0.2785001
-0.3606482
0.2033704
0.5474783
0.05331659
0.4112056
0.3045772
0.5269885
0.7203056
0.5984395
0.4532024
0.6793382
0.1639366
0.4593569
0.4747435
0.0933602
-0.594975
-0.7338897
-0.8363087
-0.9209829
0.1308725
-0.1376027
-0.0239164
0.7209257
0.9217519
0.9912548
0.7806426
1.165207
0.5808586
0.2828328
0.05740663
-0.6361082
-0.3631596
-0.8557603
-1.194653
0.09956947
-0.07456529
0.1866447
0.7040471
0.9186339
1.285511
1.373442
1.06923
1.214378
1.577382
1.68112
1.272464
-0.5130267
-0.6458997
-0.8867021
-0.4195024
-0.4380894
-0.5852256
-1.229272
-1.705005
-1.401608
-1.182753
-1.126967
-1.608597
-1.061074
-0.7348792
-0.561842
0.3979752
0.3270411
-0.4128621
-0.8604651
-1.0845
-1.09355
-0.3244762
-0.4071319
-0.2530206
0.4353769
0.149904
0.5007055
0.5533584
0.2197065
0.6483787
0.1602037
0.1971834
0.2906756
0.0008944928
-0.004560884
0.03002703
0.5913939
0.4422855
0.2538536
0.2919658
-0.06636063
-0.3519456
0.4406744
0.511834
0.6122599
1.665711
0.7586929
0.7763395
0.6226361
0.2887647
0.4154614
0.5444037
0.6177476
0.5499622
0.7355821
0.735631
1.258317
1.451422
1.139177
0.5321743
-0.5510337
-0.7233077
-0.7284095
-0.3368281
-0.4372029
-0.6876025
0.1502182
-0.1528402
-0.2444781
-0.01723535
0.255168
0.229361
0.1174288
-0.1585669
-0.4628246
-0.7770013
-1.0096
-0.6998419
-0.9973647
-1.077089
-0.6954462
-0.3982148
-0.4898742
-0.5299857
-0.2846863
0.01042278
0.2066871
0.5055218
0.08677055
0.132751
-0.5123401
-0.9834637
-1.064623
-0.5620481
-0.3125877
-0.4566578
0.7052498
0.4400485
0.1648542
0.02110357
-0.2357041
0.2619175
0.5357073
0.5571961
0.6669099
0.4900508
-0.05352425
0.5902755
