0.1831482
0.9438424
-0.004516773
0.5036786
-0.5501579
0.07834028
-0.1913899
-0.3624296
-0.7590942
-1.159605
-0.8635586
-0.7546023
1.953888
-0.137741
0.1828981
-0.8793091
0.1181037
1.144851
0.287461
0.7139767
0.8300635
0.2558928
-0.1004958
2.307819
-2.169671
-0.9145015
-2.204563
-0.7417237
-1.069107
-1.245575
-0.8564443
-1.154369
-0.8521706
-0.2445865
-1.738366
-0.9683215
1.95648
2.557436
0.8155281
0.945104
1.284022
0.9120156
0.6681466
1.281629
1.099008
1.047876
0.7889522
0.02306111
-0.2413705
-0.944797
-0.227025
0.8423166
0.862033
0.1961676
0.3972101
0.6621401
1.181764
0.9051443
-0.1616569
2.539176
-1.004597
-2.473169
-1.776283
-2.044465
-1.98732
-2.009477
-1.736813
-1.95879
-1.228445
-1.25179
-2.166398
-1.238428
-0.2632146
1.072431
-0.911885
-0.1771485
-0.7451172
0.01087388
0.2446219
0.4760709
0.4393093
-0.3530432
2.094077
0.1344454
-0.4287853
0.1267319
-0.2294107
1.037722
-0.2089563
-0.1159237
0.5832739
0.3186166
1.218389
0.4509958
0.9083815
-0.9151353
-1.937582
-0.3908547
0.2808794
-0.9351013
-0.6060515
-0.6389269
-0.02348628
0.8325163
-0.4144314
0.3284578
-0.1187752
-0.8350585
-0.5413822
-0.8584896
-0.6671612
-1.420376
-1.167945
-0.7454255
-0.495267
-1.498513
-0.6518263
-0.3050323
-1.486153
-0.5108434
0.008390629
3.013991
1.333835
1.012842
0.964697
0.9015425
0.645467
0.3797191
0.5365527
0.7333076
0.420826
1.191073
-0.6291773
0.5657939
0.4760566
1.191168
0.1440564
0.4556549
0.8865991
0.9365321
0.4630347
0.4966028
1.610721
1.767023
1.330123
-0.2915495
-0.6104438
-0.171563
-0.3622448
0.5513706
0.334601
0.1600019
0.4123349
1.228429
0.3409358
-1.660114
-1.636533
0.3768774
-0.03678399
1.11911
0.7663224
0.2127107
0.809252
0.8312185
0.9510987
0.2060275
0.008114347
0.992624
-0.5917576
-0.3681326
-0.9218955
-0.9760083
-0.4884331
-0.3755401
-0.02701789
-0.07910688
0.2336867
-0.2272322
-0.09290376
-1.151756
1.294719
1.022779
-0.9308229
-0.05140986
-0.9100097
-0.5479293
-0.3487653
0.344866
-0.3496495
-0.6759743
-0.7538804
-1.094421
-1.047377
0.3602214
0.511615
-0.6437076
-0.6819077
-0.5266732
-0.8519599
-1.063155
-0.6270024
-0.9122252
0.4711254
-0.3009138
1.452675
-0.4585782
1.754686
-0.3214791
1.217875
0.1478693
0.4897797
0.2876082
0.4667169
0.5729501
1.704424
0.8958982
1.257418
0.6642563
1.593802
1.040923
1.649205
0.6940591
0.8548287
1.423003
0.1777703
1.179157
-0.3184
-0.5154839
0.7320982
-1.528419
0.5945927
0.1357228
0.1069635
1.311808
1.030761
0.6401715
0.6100113
1.018388
0.4120526
1.561336
1.699983
-0.4347032
0.6035759
1.592063
1.382807
0.900937
1.492318
0.814041
1.028116
1.569077
0.7268015
1.654032
-0.80549
-2.0973
-2.109617
-0.3485591
-0.8485339
-0.7023258
-0.9455566
-0.3868761
-1.18745
-1.003974
-1.160662
0.03001245
-1.334994
0.08296801
0.02323117
-0.3305167
-0.3903933
0.4988929
-0.2635054
-0.497386
-0.6857237
-0.1868175
-0.5156985
-0.8934199
-0.9040688
-0.417939
1.439236
1.360368
-0.05197253
-0.5751868
-0.07341505
-0.01811865
-0.6307018
-0.06097097
-1.202143
-2.10944
-0.003195471
0.5105234
0.03688439
0.1551092
-0.03585078
0.02783914
0.1261488
0.2957685
0.33752
0.02805391
0.3030175
-1.146255
1.173089
-1.04974
-0.1269491
-0.1651725
0.1661812
0.4083778
-0.5805482
-0.004568344
-0.3601633
-1.059233
-0.8211805
0.06045461
0.4706192
-0.3628479
-1.058282
-0.2640933
-0.7254129
-0.6327834
-1.025855
-0.5155428
-0.5077658
-1.068046
0.05869393
-1.279806
-0.6113566
0.9607924
1.480412
-0.06634293
0.9000663
0.8607231
0.4061637
0.7026051
0.6660466
1.095023
1.998661
-1.326947
-0.4298821
0.1785379
0.6503548
-1.100462
0.08904303
-0.1133826
-0.6126154
-0.01868949
-0.1823438
-0.7711642
-0.3845033
0.1465809
0.2561824
-0.2882403
0.3826316
0.5861409
0.03488477
0.2122887
-0.4700662
-0.6639615
0.5508744
0.2607557
0.4072766
1.653499
1.03156
1.065345
1.197287
1.188992
0.6511401
0.2434773
0.6429127
0.06461024
-0.1646203
0.6990792
-1.631915
1.241052
0.535507
0.02554526
-0.8459316
-0.2167673
1.204818
0.7394762
0.5915205
0.7091405
0.7219311
-0.02717085
1.285033
1.895086
-1.392787
-1.497578
-2.329283
-2.474128
-2.086696
-2.223814
-2.749354
-2.8347
-3.091043
-2.685478
-2.287992
-2.126351
-0.9518728
-1.764188
-2.068883
-0.7231387
-1.236686
-1.179547
-1.12642
-1.032765
-1.27828
0.2490543
0.1478803
-0.8369666
0.428736
-0.6998091
1.360856
1.617501
0.5544385
0.3007155
0.5403236
-0.4033253
-1.099655
-0.02626832
1.205509
1.764645
-0.366506
0.6340866
-0.1217196
-0.5909453
0.7243313
-0.04304219
0.06256469
-0.3265631
-0.08851364
-0.4825968
0.4486564
-0.2580351
2.039465
2.52496
1.389054
0.5247595
1.966316
1.57504
1.069914
1.516649
1.233748
0.9185944
0.7777022
-0.3716906
-1.630257
-1.374498
-1.008521
-0.5622246
-0.09461845
-0.2075196
-0.4291514
-0.1213653
-0.278253
-0.3783958
-1.321217
0.2293063
0.3721038
0.317595
1.140471
0.3350072
0.05789219
-0.04361303
0.4171706
0.02794289
0.4948293
0.2306055
0.9661897
1.24376
0.4076692
1.073209
0.724219
-0.1389071
-0.6919788
-0.4896916
0.2560746
-0.3862654
0.9395139
-0.3778474
0.3197354
-0.6972023
