0.5722779
-0.3374949
-0.1052413
0.5731983
1.366044
-0.9233783
1.427826
0.6847869
-0.1489407
-0.3281719
1.299007
1.296001
-0.05225784
0.4215541
0.432443
0.3729398
-0.1535704
-0.2485134
0.8462248
-0.3057933
-0.2182357
-1.488729
-0.4116661
-0.1648824
0.223878
0.2318915
1.059012
2.09435
1.586607
-0.04616287
1.291423
0.7046332
1.606047
0.9287027
-0.3018422
-0.1871322
-0.4596129
-1.549488
-1.601766
-1.000669
0.2079027
0.07116107
-0.05668466
-0.3469882
0.1213441
0.04427037
-0.7645288
-0.1040714
1.029712
-0.132104
-0.9347685
-0.5936047
-1.611386
-1.092534
-2.246703
-1.787071
-0.9914791
-1.501276
-1.079243
-0.5823247
2.067281
1.682108
1.774374
1.159457
0.1214924
1.138456
1.12622
0.6378727
2.539371
2.704025
0.9287868
1.757656
0.6518579
-0.3305179
-0.5048344
-1.046265
0.732151
1.505441
0.2900729
-1.23912
-0.2024264
0.6020635
0.3722635
-0.5575071
-0.7194232
-0.3393223
-0.771298
-0.003220176
0.9347467
-0.01748575
0.7136602
-0.3539693
0.4818276
0.4525978
0.4448587
-0.532941
0.1140892
1.161649
0.9757435
-0.1581778
-0.7935663
0.5667596
1.262845
0.8861639
1.188585
0.1124377
-0.4135512
-0.5211502
0.007289182
0.8540745
0.2866632
-0.01640015
-0.05684761
-0.08661672
-0.4110274
-0.4219967
-1.272326
0.3715265
-0.08943566
0.179462
-0.7794418
-0.4610755
-1.415698
-0.3584137
-1.448246
-1.370554
-0.5914649
-0.2458239
-1.448105
-1.207407
-0.4901924
-0.1834313
-0.9626251
-1.030479
-1.250541
-0.6058895
-0.975956
-0.7365952
-0.3270213
-0.4362839
-0.09008791
-1.868343
-1.848284
-1.117573
-0.6934108
0.1300351
0.1704149
-0.05236357
0.8733727
0.626117
-0.5060262
-1.63528
0.5258287
0.2067941
0.6868308
1.303006
0.1831159
0.08389261
1.397218
-0.4023681
-0.6191874
0.3189297
-1.178241
0.03115969
-0.1144865
-0.5182644
0.8529559
-0.1274435
1.846704
1.316197
1.908806
1.236823
0.2861159
1.310899
-0.1437898
1.399957
0.02742564
1.194661
0.5130094
0.3248343
0.2925249
-0.6301401
1.381799
0.3940619
1.09095
1.312106
0.9847695
-1.08867
1.510831
0.5892121
0.5528173
0.9527665
0.04817684
0.391019
0.9423766
0.6121557
0.4970087
1.580331
-0.08216044
-0.1175234
-0.1805976
0.5786858
-0.7876456
0.7460745
-1.683117
-0.8991956
-0.5606477
-0.6106768
-0.4910272
-0.8510568
-0.4322668
-0.2849604
-0.8469663
-0.7265797
0.7086762
-0.9966842
-1.713173
-1.353091
-0.6055297
-0.06125774
-0.4362539
-0.491991
-0.5147593
-0.42757
-1.06553
-1.022733
-0.6784641
-1.254426
-1.369517
-0.4084074
-0.6200277
-0.773447
0.5402984
-1.591993
-2.580523
-2.976476
-1.624357
-1.187368
-1.420849
-1.17244
-2.008448
-2.054812
-2.117328
-1.19993
-2.052536
-0.5111377
-1.486055
-0.6027374
-1.507251
-2.140768
-1.339289
-1.854183
0.3577962
0.3059481
0.7036057
-0.1231509
0.5743618
1.59414
0.2914548
0.4044681
1.398625
1.395772
1.397199
1.309194
0.4935093
0.1011661
-0.1892796
-0.2717332
-0.5088484
-0.17823
1.279207
-0.2683365
-0.6956655
0.08596799
-0.5721985
0.2988609
-0.2312987
0.3836621
0.8853326
-0.7294731
1.109476
0.3197803
1.139782
2.350267
1.286378
1.826637
0.7604464
0.1353976
-0.06566282
-0.5942958
0.5803627
-0.2152425
-0.7567185
0.5945228
-1.416059
0.482922
0.2907602
0.439611
0.5295459
-0.6754636
0.2135489
1.200207
0.7927446
0.0683236
0.2170763
0.919497
0.239039
0.8513909
1.041625
-0.02361942
0.7585905
0.9466463
0.2139994
1.147684
0.4930009
0.4701693
0.7181054
1.541164
0.9570839
0.9396763
0.3717881
-0.04703157
1.426913
0.7747323
-0.7552294
-0.02304637
-2.090179
-0.3256607
-0.1578218
0.9831784
-0.3419471
-0.3441418
-0.3293199
-0.2924888
-1.356807
-0.4684323
0.3702776
-0.5399931
0.1517062
-0.1626277
-1.474347
-0.9687375
0.1489032
-1.661248
-0.9676825
0.5312349
-0.07013279
-0.7130893
-0.04373474
0.2532627
-0.3849944
-0.4552681
0.1310019
-0.5798298
0.6058491
-0.2187525
-0.5351917
-0.5097541
-0.4046601
-0.3575638
-0.5906321
-0.8424277
-0.3934942
0.3144186
-0.4534929
-0.02921297
0.8860621
0.3212702
-1.438821
-0.5272809
-0.349526
-0.5701524
-0.4043159
-0.8937334
-0.9119008
-1.330913
-1.845985
-1.920759
-2.168323
-1.183146
-1.4406
-1.564337
-1.749342
-2.420651
2.106746
1.506343
1.674562
1.983564
1.418383
1.72305
2.213617
2.775424
3.061121
1.247019
2.047857
1.960452
0.903184
1.761729
0.8235505
0.09595869
1.553401
0.3575122
-0.4742153
0.8480579
0.6947783
1.037363
1.644286
1.228046
0.6428348
-0.09366012
-0.2762567
0.0183808
-0.3612173
-0.5385851
-1.342634
0.4334778
-0.5241098
0.18302
-0.8394133
0.5363774
0.1418116
-0.1721831
-0.441172
-0.02690563
-0.321333
-0.7831084
1.032135
0.7745014
0.06697285
0.1417238
-0.01308949
0.005967622
-1.07929
-1.947973
-0.2860055
-0.5348049
-0.3287531
-2.211709
-1.326316
-0.3636778
-0.8653052
-1.482901
-1.933923
-0.4191644
1.100962
0.6496028
0.1027778
1.192338
1.630073
-0.3091577
1.640849
1.37241
0.4903378
1.775511
1.506187
1.041928
0.1007498
0.463442
-0.7469854
0.4416645
-1.315932
-0.6495582
-1.088518
-0.5681344
-0.731851
-0.5648795
-0.7325472
-0.05962028
0.1008269
0.7279514
-0.217708
0.1095329
0.622389
-0.3101872
0.3227094
0.9322879
0.4567327
0.4431966
1.074527
0.07009703
