0.1925407
0.09095936
0.07887119
0.1548259
-0.2262203
0.01449518
0.01362328
-0.251691
0.08264203
-0.4200252
-0.4886065
-0.639217
0.2520826
-0.172036
0.1361887
-0.3315476
-0.05705785
0.02923219
-0.3786395
-0.5194356
-0.4047235
-0.4255922
-0.4951611
-0.450958
-1.724052
-1.542242
-1.692405
-0.949953
-0.8997704
-0.9491791
-0.6908688
-0.8830622
-0.4917525
-0.4940012
-0.5120647
0.02108286
1.66369
1.517104
2.014124
2.324623
2.405645
1.908978
0.919576
0.5590583
0.3476309
0.1866524
-0.3465005
-0.1161758
1.045189
0.7701486
0.3733173
0.5317185
0.5426503
0.6160942
0.617491
1.088103
0.8707132
1.254212
1.702972
1.426699
0.676268
0.3382439
-0.0697474
0.1276132
-0.4382507
-0.6551195
-0.5930183
-0.4397393
0.1836478
0.5465884
0.2877335
0.01307724
0.4510745
1.127648
0.9326771
0.6842103
0.9722311
0.3770318
0.6920763
0.8121872
1.267467
1.405014
1.848975
1.462377
0.01643608
-0.01382313
-0.4929407
-0.2258782
-0.4336075
0.1255835
0.295149
-0.01722128
0.5073274
0.39749
-0.2193193
-0.9410682
-1.542821
-1.176163
-1.224886
-1.544284
-0.9432148
-1.057212
-1.171339
-1.076771
-0.9725895
-1.305202
-1.043815
-0.9613457
-1.157082
-1.834099
-0.8999758
-1.250188
-1.49867
-1.463995
-1.301875
-1.268549
-1.438551
-1.969985
-1.81191
-1.47449
-0.6711916
-0.8515333
0.003933703
-0.2562122
-0.08312891
-0.1304048
0.4227988
0.5745792
0.5126315
0.06797965
0.4607716
0.6494036
0.9643554
0.7660105
0.7600472
0.3426859
0.1568785
0.06493406
0.6143838
0.6143581
0.195497
0.624914
-0.03526101
-0.1788435
2.538724
2.890978
2.700954
2.585631
2.20337
1.542368
1.255198
1.45328
1.310743
1.246412
1.567741
0.8997506
0.861351
1.016781
0.5037074
0.750567
0.9945659
0.8047742
0.658633
0.9591893
1.313814
1.112948
0.9428663
1.838193
0.1318254
0.02598534
0.2093498
-0.4955338
0.05342152
0.06441768
-0.1778661
0.3306236
-0.2605146
-0.5443834
-0.152829
0.09817537
0.7977746
0.7380279
1.119153
0.9343399
0.9568028
0.3587838
0.2638218
0.6821181
0.7193364
0.3362093
0.5773026
0.4013391
-0.06641401
0.289524
-0.4518174
0.1375005
0.3483155
0.2048826
0.1486406
-0.4541355
-0.4915791
-0.26005
0.06455047
0.03903767
-0.4014099
-0.8185728
-0.08857742
-0.4025941
-0.4323241
-0.2863743
-0.3688767
-0.2105691
-0.6335816
-0.1183477
0.01999585
0.1691914
1.449888
1.084932
0.6265116
1.039762
1.191099
1.029548
0.7444721
0.3825598
0.2538875
0.4738828
-0.02066283
-0.2465771
-2.199803
-2.522589
-2.318426
-1.92268
-1.196984
-1.195908
-0.4928522
-0.4523322
-0.9975113
-0.8742039
-0.854245
-1.539699
-0.1692545
-0.2163576
0.3395968
-0.06545033
0.1135471
0.454266
0.2623416
0.07656347
-0.3631479
-0.3404141
0.5263828
1.127992
0.7299475
0.6805088
0.4291465
0.1442287
-0.2178013
-0.1400461
-0.575125
-0.5800412
-1.060147
-1.436377
-1.802279
-2.44301
-1.796169
-1.434564
-0.7123263
-1.03854
-0.9323552
-0.5430427
-1.058328
-0.4099451
-0.4771563
-0.0006269006
0.5669104
0.9629986
1.236144
1.236585
0.06707576
-0.2676663
-1.006098
-1.54529
-1.75063
-1.45787
-1.300117
-1.161132
-1.581738
-1.382459
-1.900046
-1.837467
-2.100436
-1.986389
-1.595136
-1.450488
-0.9479865
-0.9131373
-0.7698966
-0.1334485
-0.2093723
-0.7412677
0.7242372
1.046758
1.173469
1.06936
0.01348701
-0.1392084
-0.2617379
0.2460235
0.5365124
0.4382828
0.6139899
1.116815
0.3993627
0.2997571
-0.2741854
-1.217786
-1.321347
-0.7911745
-0.7952103
-0.7246734
-0.3990667
-0.5133436
-0.7920018
-1.564912
-1.87848
-1.643587
-0.9773266
-0.04522654
0.06303703
0.2051248
-0.03128689
-0.571079
-0.7572253
-0.8738798
-0.4688034
0.02097742
-0.6676081
-1.163445
-1.892337
-1.767398
-1.764114
-1.435622
-1.812423
-1.622833
-1.472279
-1.035168
-1.986648
-1.792831
-1.658229
-1.130779
-0.7072607
-1.249206
-1.606829
-1.361933
-0.8320158
-1.030866
-0.8050904
-0.3402212
0.019955
0.539775
2.05206
1.760084
2.0225
2.030679
1.794198
1.719764
1.380931
1.001998
0.7527798
0.8224549
0.2608154
0.2827562
-0.7975309
-1.06698
-1.425967
-0.6055343
-0.3603822
0.1360844
0.3452834
0.3027794
0.3918802
0.3311532
0.6525037
0.9778819
1.53475
1.394034
1.769649
1.038885
0.6044574
0.678021
0.7187193
0.2250136
-0.1368676
-0.2407003
0.7019694
1.372256
1.66748
1.482301
0.4910192
0.2977026
0.6378385
0.51301
0.5978649
0.5160433
1.170662
0.7186192
0.7065686
0.391376
-0.392209
-0.1336073
-0.4267337
0.4584777
0.8429171
0.7325028
0.987956
0.4215181
0.2522655
0.6245279
0.5152695
0.2324968
-0.5380207
-0.7172746
-0.4199509
-0.1668089
0.321505
0.8103633
0.9309958
0.9824123
0.946117
0.8596405
0.3981398
0.5599428
-1.320291
-0.8970798
-0.3550019
-0.03919064
0.2574255
0.2684049
0.3242401
0.4651733
0.290646
-0.1374371
-0.2031647
-0.498614
-1.102473
-1.211036
-1.297175
-0.9204977
-1.575953
-1.141402
-0.6646435
-0.6171439
-0.7406934
-0.5292084
-0.6408476
-0.7554735
-1.290375
-0.2877547
-0.409431
-0.2884949
-0.1586964
-0.03190359
0.440105
0.5218871
0.5648096
0.4796231
0.281148
0.2638324
1.631449
1.905559
2.320059
2.266499
2.202988
1.635824
1.292834
1.355789
1.619371
1.391276
1.16054
1.117622
