0.06607896
0.3129392
0.1479123
-0.1259938
0.002729446
-0.06523308
0.1783845
-0.1880309
-0.6361145
-0.3260371
-0.2229133
-0.07463468
0.1451801
0.4767483
0.4067749
0.2595941
0.1993329
0.1678222
0.6114465
0.5339534
0.3083102
0.6130062
0.4962615
0.505276
1.485216
1.152093
0.6334752
0.69359
0.6685638
0.6569387
0.8782897
0.8719741
0.6400197
0.6877064
0.9758371
0.7136001
-0.3505321
-0.1114492
0.1415335
0.1125698
-0.4197678
-0.5960379
-0.5602745
-1.073067
-1.831058
-2.238097
-2.915267
-3.430127
-3.537665
-3.053922
-2.797454
-2.82202
-3.23086
-3.273571
-2.866148
-2.375841
-1.432966
-0.8647978
-0.2130379
-0.116941
0.2983474
0.1159048
0.07831966
-0.1143371
0.5004386
0.7048039
0.3075298
0.1681419
0.2642092
0.5951404
0.3636221
0.5591813
0.6435416
0.8502617
0.5209502
0.7450804
1.121778
0.9217378
0.9978588
1.007945
0.8809296
0.6993968
0.7252575
0.611811
0.8965418
0.7099211
0.8851032
0.9764975
1.035315
1.039209
0.7224693
0.5663237
0.1656566
-0.1057226
-0.4213813
-0.4905746
-0.6998559
-0.6701427
-0.8491201
-0.7817689
-0.7820012
-0.6693623
-1.05062
-1.200173
-1.200837
-1.099275
-0.7564582
-0.5996347
-0.1639419
0.2060835
0.4123797
0.850251
1.488139
1.914295
1.971573
1.813609
1.442299
1.740035
1.602178
1.682665
1.20547
0.7080888
1.01186
0.8985054
1.081901
0.8090394
0.6865401
0.7354254
0.6815882
0.8716223
0.7335836
0.7265814
0.3223229
-0.0439974
0.2347706
0.1761119
0.1334609
0.3955753
0.646838
0.4076308
0.270507
0.5920213
0.6484849
0.4358712
-0.3343781
-0.2398324
-0.2515794
-0.1256571
-0.779785
-0.9228919
-0.9515867
-0.5804983
-0.753396
-1.155647
-1.276484
-1.700029
-1.641098
-1.512253
-1.577372
-1.758698
-1.71031
-0.7920651
-0.2321725
-0.1072336
0.1145887
0.08373434
-0.06696395
-0.1838049
-0.1122238
-0.3430304
-0.3235607
-0.7177991
-0.9144568
-0.5937561
-0.1986794
-0.03990598
-0.1566504
-0.2622101
-0.04214998
0.03015958
-0.2867044
0.1304907
0.3356305
0.3647794
0.08290362
-0.0469722
0.2022806
0.3389213
-0.1010836
-0.8483111
-0.9690854
-1.157448
-1.042606
-0.5710149
0.09565302
0.3881527
0.5959982
0.2160854
0.117059
0.5344906
0.5183641
0.6102602
0.4873854
0.6212143
0.8518779
0.9107376
0.6950571
1.304447
1.11395
0.9841727
0.8431183
0.8239162
0.8683376
0.8465152
0.9256243
1.200598
0.6601216
0.1900395
-0.3945483
-0.697042
-1.543451
-2.444696
-2.981813
-3.547812
-3.556448
-3.654702
-3.87693
-3.926598
-2.954927
-2.35415
-1.830069
-1.690204
-1.572605
-0.5099235
-0.2408777
-0.01589282
0.4928381
0.6627929
0.8160085
1.036717
0.7926474
0.391605
0.1898257
0.7527775
0.7198351
0.7734185
0.7250078
0.7766351
0.9894911
1.13107
1.312644
1.323988
1.453621
0.9302937
0.6314511
0.2735634
0.5939221
0.8991084
1.012986
0.9041951
0.7683258
0.7288447
0.9558107
0.8655038
0.6755442
0.2098217
-0.2640706
-0.09256218
0.4952193
0.6202576
0.7668115
0.7989149
1.154385
1.129842
1.128242
0.8315197
0.9522136
0.6359455
0.1812933
0.2678143
0.2882585
0.1497872
0.2961978
0.1180735
-0.1599761
-0.5402767
-0.8506805
-0.7831421
-0.05526797
0.3577067
0.5977215
1.011667
1.399706
1.071782
0.4997493
0.356031
0.4952346
0.005523765
-0.1350271
0.04694872
-0.09663981
0.0594468
0.1653008
0.1941643
0.6128516
0.6057963
0.5615942
0.3724461
0.01786087
-0.1818716
-0.3598157
-0.4305595
0.08826899
0.6109698
0.5758344
0.3516951
-0.06746257
0.1725071
0.1074061
0.1208348
0.581435
0.7925339
1.092235
1.104924
0.6242252
0.1005631
0.4464276
0.7401084
0.4071259
0.2381881
-0.1142502
-0.394827
-0.6030995
-0.9530075
-0.8974027
-0.8284365
-0.6769856
-0.1671851
0.5555616
0.6796938
1.057245
0.9372302
0.8989652
1.267373
1.611516
1.787586
1.920692
1.668909
1.042258
0.5228001
-0.05893222
-0.06858487
-0.1093063
-0.3326541
-0.5460485
-0.6900814
-0.4685655
-0.1128801
0.1343343
0.3812254
0.1052254
0.009633907
0.1986375
-0.2421452
-0.5233647
-0.8170354
-1.031475
-0.9584752
-0.7831851
-0.6602216
-0.89575
-1.229012
-0.349039
-0.1160901
-0.02024332
-0.1227532
0.2802215
0.8125836
1.221135
1.196927
1.266438
1.469544
1.430781
1.482405
1.061833
0.5106962
0.5894082
0.14592
0.009254761
-0.2727337
-0.2228311
0.03018274
0.4305979
0.5571545
0.7414947
0.6117014
0.1065361
-0.3465844
-0.3075752
-0.5090612
-0.5527517
-0.9855172
-1.114735
-0.8973497
-0.5625954
-0.1984226
-0.1926877
0.1769008
0.06844229
-0.1645591
-0.4448731
-0.01635568
0.4762172
0.5599526
0.4194439
0.3430263
0.06953347
0.08589566
-0.05626673
-0.05249592
0.02636125
0.585963
0.2074759
-0.0780137
-0.5685269
-0.8390237
-0.7117034
-0.6806387
-0.5908408
-0.8395285
-0.9584469
-0.7404662
0.1830091
0.4543176
0.2733844
-0.4404431
-1.000017
-1.354732
-1.666219
-1.753213
-2.056592
-2.175632
-2.258643
-2.268307
-1.958899
-1.269273
-0.9843467
-0.5977063
-0.2479232
-0.08750578
0.09680501
0.1511198
0.06383721
0.1700466
0.2464987
0.2746399
-0.08970183
-0.5649117
-0.5727861
-0.5746058
-0.4090562
-0.02819668
-0.05530192
0.2219908
0.7828454
0.7472914
1.069672
1.371956
1.072765
0.7737576
0.7723738
0.6076161
0.2002522
0.0258582
-0.2663866
-0.08740074
-0.2048208
-0.695865
-0.8349434
-0.731646
