-0.1715738
-0.3944783
-0.152738
-0.1343415
0.1541017
-0.193691
-0.9457458
-0.6915815
-0.1489629
0.3190521
0.4554604
0.1234505
0.4819923
0.7076771
0.7804713
0.5302922
0.4308731
-0.2066626
-0.7095083
0.1362254
0.3422215
0.4121519
0.7770424
0.3523054
-0.1977321
-0.1963834
-0.03080103
-0.1993491
-0.4051131
-0.5141141
-0.6485085
-0.1236647
-0.1959635
-0.5732034
-0.1112516
-0.1591513
0.4955151
0.3857098
0.3097001
0.06622119
-0.07853186
-0.4525397
-0.5549554
-1.034398
-0.3963805
-0.6230985
-0.5141538
-0.4150854
0.1283754
0.2703798
0.901121
1.265373
0.8996144
1.012234
0.8992894
0.7880571
1.146843
1.557917
1.474674
1.561846
0.8666648
0.7740988
0.6876784
0.6944274
0.4427264
0.4568817
1.060078
1.000004
1.458584
0.8592969
0.5370353
0.8255314
0.866559
0.9461711
0.7993507
0.9399556
0.9056363
0.7616588
0.3880987
0.3022417
0.6682192
1.130847
0.964265
0.7573465
0.4255755
0.4891303
0.3445352
0.1571187
0.191075
-0.1731083
-0.7336811
-0.6255621
-0.3991064
-0.1498407
0.0256712
0.1330719
-0.281719
-0.4352917
-0.3953213
-0.4343876
-0.4002158
-0.81643
-0.9624153
-0.7562339
-1.040787
-0.5758952
-0.4070802
-0.3992012
-0.3488334
-0.05549667
-0.1597121
0.1418351
0.3036467
0.3708418
-0.115264
-0.07135689
-0.2030145
-0.07183527
-0.02826506
0.2715817
0.454039
-0.06604803
-0.1434458
-0.007779988
-0.01291289
-0.2292097
0.06123041
0.1801117
0.6601589
-0.03128254
0.0587199
-0.2911727
-0.3715946
-0.09017894
-0.1005739
0.1302875
0.2676977
0.5343563
0.9756312
0.8124958
0.9213201
0.4803073
0.03900764
0.04343779
0.7919351
0.9113711
0.905009
0.8433943
0.8115201
0.8828601
0.9380039
1.005676
1.778916
1.000124
0.3478542
0.0728569
0.1177103
0.1039287
-0.02855136
0.160285
0.449656
0.4053478
0.5551382
0.4243484
0.405516
0.07362611
0.4384739
0.5250093
-0.5386665
-0.7168292
-0.4724463
-0.8605566
-0.5864553
0.2827584
0.8012443
0.2996216
-0.02188952
-0.5839549
-0.2547278
-0.1108469
0.6839871
0.5893493
0.4621078
0.4643619
0.2583288
0.1213166
-0.0293963
0.0002288993
0.2816842
0.5582391
-0.205966
-0.2460622
-0.1435864
0.1397528
0.2291538
0.5120928
0.7238191
1.259107
2.094263
1.794821
2.327736
2.118997
0.8591435
0.6440787
0.6247645
0.3339108
0.2427618
-0.02926095
-0.08877899
-0.2194501
-0.3252509
-1.229667
-1.377559
-0.7942759
-0.1430678
-0.165629
-0.006845912
-0.1054462
0.03794632
-0.09433316
-0.1266239
-0.299704
-0.4903694
-0.8282426
-0.9135368
-0.5907629
-0.340545
-0.002494405
-0.6603503
-0.2611711
-0.3868139
-0.1720524
-0.2132446
0.6291737
0.3404757
-0.2228077
-0.9906954
-0.6627515
-0.1471498
-0.1874574
0.5997902
0.5560813
0.2236112
0.3304139
0.02501847
0.3195872
-0.01517217
0.04975811
-0.3347994
-0.1933261
0.4865631
0.8491417
0.2451592
-0.03157239
-0.291736
-0.1931644
-0.3083533
-0.4108576
-0.282631
-0.2278893
-0.7147481
-0.550429
-0.647001
-0.6306727
-0.3836852
-0.3866177
-0.1508964
-0.2561337
-0.3111354
-0.5032054
-1.030918
-1.372251
-0.9437121
-0.6165856
-0.5395121
-0.2016483
-0.2750848
-0.1097314
-0.06215962
-0.4007215
-0.8399537
-1.814714
-3.414359
-3.60851
-3.320503
-1.712462
-1.247789
-1.013944
-0.9966037
-1.109227
-1.137865
-1.132625
-1.135078
-1.835102
-3.152428
-2.950243
-2.188241
-1.423136
-0.9335119
-0.5626891
0.02548114
0.1848657
0.07034917
-0.5055709
-0.6710002
-1.48559
-2.989984
-3.198058
-1.7365
-1.407511
-0.8398697
-1.061068
-1.294535
-0.9867992
-0.9140835
-1.167072
-1.262741
-1.722724
-2.762509
-2.306318
-1.861666
-1.392303
-1.104067
-0.5575925
-0.7674907
-0.8512301
-0.9950459
-1.10717
-1.191474
-1.531502
-2.737884
-2.652364
-2.24859
-2.084518
-1.667861
-1.771623
-0.9262705
-0.5986981
-0.9897998
-1.101562
-1.205383
-1.55521
-1.663333
-1.301694
-0.9670947
-1.10082
-0.6083882
-0.6893654
-0.9042244
-0.5823438
-0.7317439
-0.7808313
-1.380407
-2.151584
-2.957538
-2.813522
-2.057454
-1.866584
-1.371523
-0.9525961
0.4966223
0.5743283
0.2348955
0.2907723
0.2803652
0.2109714
0.7205889
1.490812
0.5504013
0.8499333
-0.04469924
0.01265218
-0.4000888
-0.2171892
-0.1408169
0.01570347
0.2845944
0.820061
1.81021
2.083306
1.399818
0.9681169
0.773501
0.8878343
0.5220832
0.2270492
0.09527732
0.1638699
-0.03894319
0.4934428
1.569941
1.980079
1.403553
0.7257082
0.402638
0.2651478
0.5142089
0.4094155
0.261395
0.4042514
0.87711
1.719577
2.868168
1.900415
2.629043
2.299277
1.201463
0.5989668
0.2567179
0.3833851
0.2625478
0.4739941
0.7586794
1.286986
2.409493
2.451971
0.8302041
0.4839786
0.6947088
0.6450627
0.306104
-0.002949636
0.2553302
0.3765591
0.7267234
1.48129
1.835291
1.814866
0.9063189
0.3870379
0.1993098
0.3856714
-0.1751419
-0.1983511
0.08129319
0.3058171
0.7811819
1.430259
2.081639
1.797774
0.6341817
-0.4226213
-0.4172679
-0.1557513
-0.1323081
-0.2636214
0.3755454
0.5868577
1.049762
1.941982
3.525436
3.230095
2.245149
1.449834
0.9174864
0.1146124
-0.3947775
-0.5949152
-0.4385187
-0.3225148
-0.2458068
-0.1368478
1.093105
1.2172
0.5462896
0.3633887
0.2474285
0.1889121
0.4940909
0.2896825
0.1800116
0.0579471
-0.1124595
-0.1660052
0.4921859
1.247006
0.9128457
1.372408
0.6513031
0.2888576
