0.366091
0.5982905
0.8387401
0.130723
0.1213755
0.01334991
-0.006319669
-0.153726
0.03942399
0.2588319
-0.07007581
0.1532644
0.7782964
1.352946
1.188682
1.047362
1.081093
1.053635
0.5970577
0.4076571
0.1792775
0.7160947
0.7827643
1.491023
2.206946
2.455431
2.869304
2.404807
2.49757
2.081482
1.980629
1.697634
1.461705
1.292398
1.08773
1.659381
-0.3456875
-0.1314078
-0.1288853
0.1500221
0.24477
0.316197
0.3453612
0.77608
0.2811307
-0.1422417
0.05137885
-0.3062072
-1.718264
-0.9537995
-0.3456911
-0.675789
-0.454386
-0.2945136
-0.2089019
-0.7442666
-1.300659
-1.40411
-1.612039
-2.30202
-2.167526
-2.375573
-2.357059
-1.953706
-1.506957
-1.912235
-1.862974
-2.004835
-2.102204
-1.63546
-1.475812
-1.267449
-1.135013
-1.545833
-1.009608
-0.7195142
-1.089422
-0.9607599
-0.7722506
-0.8334322
-0.8638825
-0.9505693
-1.511479
-1.578947
0.2057687
0.311399
0.3507168
0.4010044
0.2684028
0.2615095
0.4269385
0.2847741
0.4233835
0.450922
0.8881417
0.7352365
1.185642
1.312297
1.543744
1.571361
1.25919
0.8190044
0.6044279
0.524321
0.6301823
0.8621867
0.516772
0.6617454
0.2073602
-0.3021011
-0.4269862
0.01299951
-0.3303864
-0.4220624
-0.007338438
-0.1129662
0.1170062
0.3306066
0.5728603
0.498611
-0.2777525
0.1295583
-0.0351193
0.1214608
0.1050683
0.3793346
0.3805544
0.06841758
0.2390598
0.3328091
0.7636878
1.427897
0.7018963
-0.3470287
-0.5390859
-0.7471811
-0.3532442
-0.5240356
-0.2851211
0.01745521
-0.2101869
-0.5985293
-0.7105526
-0.8809205
-2.968215
-2.759785
-2.496963
-3.104169
-3.351358
-2.931383
-2.371812
-1.874779
-1.820685
-1.85063
-1.439995
-1.886311
-0.5390751
-0.5466428
-0.1775166
0.09060782
0.2655138
0.2717559
0.2697646
-0.1639162
-0.3606029
-0.3664172
-0.2463457
-0.5401906
0.295072
0.6725148
0.1686078
0.4482356
1.004
0.9257429
0.251085
0.1493643
-0.4233253
-0.4140505
-0.6414514
-0.3428826
-1.199084
-1.314746
-1.7855
-1.943756
-1.566406
-0.7861974
-0.3280122
-0.750188
-0.8675994
-1.128409
-1.529887
-1.630101
-1.714481
-1.979465
-2.467574
-1.770216
-1.171324
-1.150152
-0.8558612
-0.42337
-0.3238469
-0.5372449
-0.6975625
-0.9138962
0.6547721
-0.05520723
0.4438851
0.4183528
0.2200515
0.3048577
0.2630312
0.7637336
1.044284
1.325072
1.587975
1.762261
0.8923154
1.058799
1.112576
1.356964
1.406779
1.504289
0.9186922
0.8347684
0.1237934
-0.7459691
-0.9690598
-1.253033
2.10681
2.158579
2.168015
2.022659
1.790873
1.213996
1.108494
1.367405
1.371364
1.621895
1.281163
1.476855
0.2689393
0.09001737
0.0111168
-0.6449902
-0.5015287
-0.5594988
-0.7451613
-0.3464892
0.1676877
0.02798702
-0.2058195
-0.3562764
0.6932097
0.629777
1.041182
1.05643
1.043912
0.8274426
0.9563383
0.969027
1.172819
0.8415149
0.9545122
1.348446
0.8145787
0.8408373
0.6926578
0.3316745
0.05959122
0.3657823
0.6448765
0.7866737
0.8916899
0.8415817
0.8132218
0.957081
1.100706
0.9387858
0.3165191
0.2842005
0.006953992
0.5251993
0.5764232
0.8189469
1.167732
0.7309775
1.176432
0.7358006
0.5477678
0.4811629
0.4476146
0.4827338
0.4865399
0.9153226
0.2993995
0.1849578
0.2833728
0.269619
0.2152029
0.3148708
-0.02072175
-0.005649464
0.6039969
1.034148
0.6110371
0.1898523
-0.1884913
-0.2446658
-0.3821721
-0.100614
-0.3011492
-0.650754
-0.3266602
-0.2651039
-0.08396562
0.5820053
1.439015
1.556445
0.9360123
0.4494359
0.4361081
0.2791433
0.1215725
0.3046399
0.4956757
0.4288582
0.08730927
0.2642672
0.5064228
0.1901357
0.3134861
0.6179734
0.5592413
0.928789
1.038962
0.7253877
0.7733963
0.7051184
0.8284369
0.3821813
0.3020783
0.06213921
0.2377625
0.2760422
0.09616938
0.4616331
0.2661482
0.6568695
0.07674745
-0.7661849
-1.108965
-1.178385
-1.166462
-0.993389
-0.6945751
-0.5175593
-0.2897053
-0.1250363
-0.03637946
-0.2888369
-1.533624
-1.40738
-1.60701
-1.807434
-2.081674
-1.800164
-1.44028
-1.380659
-1.038941
-1.443184
-1.321049
-1.859618
-0.2665646
0.1169804
-0.2747661
0.1097859
0.2187948
-0.2683774
-0.260503
-0.3427189
-0.1953241
-0.09746283
-0.05215953
0.009941934
-0.2421613
-0.2838199
-0.7074482
-0.496972
0.1004271
0.2563332
0.2953706
0.07455507
-0.06650294
0.04938772
0.7321018
1.517863
0.7096933
0.7423416
0.1553068
0.6138387
0.08222155
0.2832259
0.1550654
0.1320644
0.02060244
0.1769895
-0.2295692
-0.5131671
-0.7929962
-0.7783887
-0.8441375
-1.112589
-1.341811
-1.307628
-1.511411
-1.282359
-0.7516209
-0.6452956
-0.6499786
-0.8213267
-0.6493572
-0.8480529
-0.4373825
-0.597339
-0.8150678
-0.9030877
-0.446735
-0.6710664
-0.7270225
-0.4490132
-0.03935408
0.1068595
0.9788435
0.9648811
1.250529
1.040047
0.732895
1.194203
1.261217
1.423747
1.179798
0.9744105
0.8042332
0.3844677
0.3292239
0.1434693
0.6243882
0.7238548
0.6823521
0.2372344
-0.031631
-0.01810071
0.1088486
0.2370092
0.6080538
0.2711775
0.3902071
1.208246
0.9060837
0.5385829
0.2427589
0.1919731
0.3048151
0.3063081
0.4950902
0.6362872
0.4668409
0.7961671
-0.4376219
-0.3117441
-0.5288053
-0.6641142
-0.9256249
-1.08569
-1.148247
-1.187847
-0.969893
-1.296378
-1.357314
-1.051261
