0.2531492
-0.06456635
-0.6404367
-0.8287932
-0.2085287
-0.1102274
-0.1884445
-0.3328588
-0.1956751
-1.208903
-0.6818949
-0.1923523
-0.2907643
0.4695957
-1.14558
-0.7658108
-0.4085536
-0.7242138
-0.8423628
-0.3268664
-0.7058448
-0.3169201
-0.577186
0.4526099
-0.7261081
-1.626577
-0.8206893
-1.284839
-1.102669
-1.542372
-1.598529
-2.124433
-1.27391
-0.6955214
-0.9190422
-0.9802573
0.5184754
0.79966
0.5359643
0.7420943
0.4287879
0.8282161
0.07773797
1.285451
1.078498
0.5129686
0.5352195
0.4152251
0.4220876
0.8191587
0.4285608
0.6085466
0.001971567
0.7814102
1.41151
-0.1674196
0.4781893
0.5920867
1.630966
0.823213
0.7877207
1.429107
1.422229
1.19889
1.023598
1.690934
1.829034
0.8354459
1.874453
1.445857
0.9937167
0.8265591
-0.7838515
-0.06755141
-1.348578
-0.9490286
-0.3343871
-1.069432
-0.3463912
-1.052362
-0.2850078
-0.7367661
0.4070145
-0.9765889
-1.490357
-0.9214115
-0.8784972
-0.8415179
-0.799216
-0.2463393
-0.7227173
-0.8868592
-0.4113546
-1.148286
-1.134643
-0.8887168
-1.752266
-0.6999757
-1.299312
-1.174968
-0.1721312
-1.338122
-1.111692
0.8249573
-1.448484
-0.7309898
-1.263352
-0.8993709
-0.1655662
0.1840572
-0.3960323
0.421863
-0.3815455
-0.5665882
0.02441606
-0.1289539
0.005096833
-0.3159142
0.5163967
0.8099058
0.6465101
0.409495
1.25838
0.8126817
1.417033
1.541061
0.7902343
0.5229897
0.3593518
-0.1123861
1.048679
0.7237092
-1.106097
0.07770516
-0.4003319
-1.212926
-0.08511779
-1.151942
-0.4318665
-0.9067129
0.564665
-0.7634767
-1.03731
-0.9283026
-0.446542
-0.7828788
-0.8743608
-0.3759222
-0.702499
-1.588249
-1.052057
-1.274073
-0.8999066
-0.04071282
-0.4795842
-0.6111876
0.2592815
-1.07601
-0.7653453
0.1640425
-0.1346818
-1.105556
-0.4447569
-0.5275589
-0.6573791
-0.1652152
-0.993192
-0.05340276
1.013039
1.123676
1.198679
1.0013
1.450274
1.606998
1.789561
1.737061
1.337673
0.7606267
1.080157
0.7155765
0.3509647
0.2791378
0.2247993
0.5212715
-0.2172858
-1.005085
-0.1094648
1.344891
-0.1725471
0.9307763
0.6201419
0.531351
2.522736
2.678193
1.727386
2.183408
2.61234
2.100697
1.54065
2.359356
2.483012
2.430224
1.524257
2.066041
0.5090811
-0.2582484
0.2226068
0.4225911
0.9266885
0.2412532
-0.8075418
-0.1435823
-0.005932322
0.5912718
-0.8097558
-0.3336285
1.583173
0.3670188
0.7640108
1.415823
1.281009
1.846147
1.464487
1.364372
1.714453
1.862892
0.7953288
1.37579
0.8015525
0.8972668
0.9318541
0.4301089
0.01295044
0.861049
1.421201
1.031343
0.59333
0.6717982
0.508101
0.6517632
-0.629981
-1.020041
-0.3286327
-0.1789974
0.1019726
-0.8037705
-0.8748002
-1.093053
-0.6710488
-0.6184626
-0.0674276
-0.1441689
-1.505852
-1.345233
-0.3335588
-1.111099
-0.5714481
-1.462846
-1.314274
-1.561547
-1.75806
-0.9848427
-1.449746
-1.00411
0.2145282
-0.4540504
-0.4401787
-0.9493875
-0.8160949
-0.5427394
-1.042334
-1.562909
-0.4916399
-1.105654
-0.7303002
-1.448986
-0.701925
-1.030386
-1.336756
-0.7559807
-1.901891
-1.050798
-1.476368
-0.3192829
0.2419977
-0.8339828
-0.5645487
-0.1001181
-0.5107983
-0.3413076
0.1530135
-0.7004786
-0.9874995
0.1103624
-0.4160851
-0.2334519
-0.534081
-0.1848916
-0.2061101
-0.9802371
1.043359
-0.1722178
-0.04896357
0.2267295
-0.4939275
0.2039228
1.516761
-0.7112074
0.2922668
-0.2170566
0.2487532
-0.3293735
0.3839969
0.3739653
0.6084124
0.331003
1.226331
0.4007818
0.8290696
0.6747084
0.2682596
-0.09852366
0.8798188
0.1524615
2.129202
2.670456
1.964595
1.689939
2.327887
2.369519
2.117866
2.152194
2.376769
2.581584
2.534471
2.303317
-0.3102393
0.4340643
-0.4244106
0.1889329
-0.4482121
0.07628023
-0.02239488
-0.1008685
-0.5055478
-0.1878548
0.380145
0.3569782
0.4143139
-0.6057702
0.2740329
-0.7807854
-0.3029456
0.3755411
-0.4352848
0.24916
0.3984164
0.1136753
-0.1363199
-1.021772
-1.312147
-1.625523
-1.028375
-1.346578
-1.702201
-1.080962
-1.727952
-0.8609604
-2.123068
-1.12785
-1.675092
0.001307543
-0.08705911
0.7245742
-0.09663857
0.1103805
-0.1685691
0.4689825
0.651553
0.851896
0.6479163
0.6034942
1.392459
0.3622154
-0.2169549
-0.506531
-0.02982293
-0.7285886
-0.1834438
-0.8868592
-0.6470878
-0.5078763
-1.014892
-0.1747685
-1.153736
-0.3900277
-0.1874817
-0.2785447
-0.7423792
0.2254482
0.4923237
-0.218353
0.6378195
-0.5646387
-0.00253667
-0.1063047
-0.1548267
0.1002837
-0.9501026
-0.6971629
0.2594222
-0.2189165
-0.02895358
-1.022944
0.3452298
-0.8282199
-1.758625
-0.4347245
-0.8520308
-0.1131522
1.120216
1.488066
1.86823
2.291867
1.886598
1.839481
1.534354
2.544893
1.683846
1.467864
1.513851
1.494052
-0.9811352
-0.08004798
-0.1667198
-0.2799818
-0.4655219
-0.4664076
-0.1511547
-0.2516076
-0.331364
-0.7112299
-0.9711303
-1.170802
0.08732888
-0.8528382
0.2340783
-0.1530232
-0.689073
1.103661
0.2660552
-0.3937436
0.1692585
-0.5522293
-0.4944055
-0.3552013
-1.059594
-0.7107032
-0.6780822
-0.1080979
-1.304364
-0.2538563
-1.673331
-0.4909356
-1.829454
-1.792975
-0.4944604
-0.9376098
0.104018
-0.04839524
0.1151398
-0.2641715
-0.5929624
-0.2132788
-0.8062779
-0.4130529
0.5319049
0.8333351
0.2779444
-0.2526526
