0.3601563
-0.8079677
-0.5940158
0.007282614
-0.6345791
-0.5809674
-0.4721685
0.3436512
-0.08194585
0.445743
-0.7812111
0.4080367
-0.6215221
0.971133
-0.1526774
0.09439389
0.1686925
-0.5896634
-0.6204269
-0.9657251
-0.3530578
-0.6027254
0.1037833
-0.03648172
-0.3360318
-0.7487359
0.4111613
-1.082536
-0.5768887
-1.180157
-0.4782938
-0.5215385
-1.357915
-0.8282834
-0.7005327
-0.7811201
0.9810069
0.3969836
0.517342
1.426595
2.357796
0.5942322
0.7303509
0.1334984
1.053322
2.07463
0.445284
-0.4248085
-0.3237481
-0.2476478
-0.8676935
-0.006927875
0.6313295
1.261927
1.046718
-0.1742317
0.1315341
-0.4157399
0.8691482
-0.086511
0.5509683
0.1378506
1.217207
-0.1770989
0.1560575
-0.07138657
1.72238
1.113142
2.758502
0.8019825
0.2991464
1.366347
0.1115143
-2.306787
0.3176787
-0.5704231
-0.593931
-0.5626612
-0.2561206
-1.498961
-0.864085
-1.557911
-0.4312423
-0.5067092
-1.339155
0.8389286
-1.623316
-0.6605319
0.1609139
-0.7133197
-0.05852516
-0.206573
-0.03771287
0.4659176
-0.3275421
-0.717166
-0.9676816
0.1264684
-0.2619151
-0.7103716
1.149579
-1.151823
0.8338372
-0.1782508
0.005468493
-0.4405327
-1.055544
-0.6502249
0.1342787
0.9184731
-1.089411
0.6871543
-2.026099
-0.4345081
-0.6295513
-0.1188539
-1.167506
-0.5903716
-1.054979
0.8833706
-0.3324828
0.5321429
0.8030394
-0.2899145
-0.1769777
0.04151639
0.3870926
0.1875735
0.83045
0.1427658
0.2621994
0.2620035
-0.2713031
0.137179
-0.3551469
-0.3768875
-1.4103
-0.8433043
-0.3007162
-1.098849
-0.06434673
-0.4529533
-0.5217791
0.1718703
-0.4298418
-0.3242154
0.6193171
-0.07584368
0.8988407
-0.4460529
-0.9768158
-1.216432
0.3274182
0.1736116
0.5536124
-0.6078403
0.417085
-2.364413
-1.124632
0.08552834
0.4249223
-0.7176965
-0.2953895
-1.375786
0.2229159
0.2674225
-0.09384295
-0.46699
1.163173
2.24567
1.015884
1.305512
1.953888
0.8416191
0.1423802
1.187366
0.8878616
0.4731885
0.6232348
0.976487
0.1381284
-0.2129566
0.4449775
0.5869882
0.5898895
-0.3585538
-0.3961752
-0.009861593
0.826914
1.851953
-0.4825645
-0.0756784
1.320505
2.359661
1.617755
1.928361
2.007889
3.070259
2.155716
2.091155
1.312084
1.561492
1.170746
2.169959
0.9722381
0.3666733
0.7355676
-0.05644212
0.239026
-0.1486232
-0.4931678
0.8600338
0.3403822
-0.5092601
0.8053938
0.8829142
1.081893
0.2526571
2.021591
2.237674
1.190398
2.724874
0.9683451
1.21793
2.151514
1.720662
1.530352
0.9837956
0.2214613
-0.6228098
-0.4822194
-0.587257
0.1925367
-0.1463209
0.185704
0.0913557
-0.5943497
-0.6236253
-0.6139342
0.1050484
-0.5823625
-0.120762
-1.153227
-1.600756
-1.512337
-0.2661155
-1.93564
-0.8955303
-0.910733
-2.035804
-1.076515
-0.3806359
-1.422286
-2.624011
-1.307606
-2.263123
-1.878859
-1.808016
-1.250768
-2.000633
-1.054918
-1.934645
-0.7867966
-0.831429
-1.203904
-0.1066952
-0.2078907
-1.260558
-1.132043
-1.200468
-0.7333816
-1.443495
0.06610858
-0.9536787
-0.8245577
0.3338929
-0.3557462
-0.0660091
-1.602541
-0.5139977
-1.638266
-1.152565
-0.199323
-0.9927372
0.09283981
0.09863033
0.06528778
-0.6613196
0.003072386
-0.7750181
-0.2943448
-0.1766438
-1.71376
0.1811746
-0.8553453
0.3244683
-0.6775288
0.363437
-0.09030614
-0.5291396
1.239632
0.544559
-0.3619652
0.3690908
-1.489406
-0.8324437
1.107485
0.1988398
1.111145
0.2437101
0.1264554
0.2930477
1.260626
0.511158
1.021018
0.6248914
0.8000451
0.9580083
0.2572497
0.8036193
-0.3745685
-0.03493672
0.3722359
0.8433889
1.606696
2.686955
2.10107
1.777612
2.959598
2.777443
2.141525
2.450653
0.9243146
1.902063
2.117718
1.584341
-0.3109933
-0.4011448
-0.7068886
-0.377664
-0.1959127
-0.08267394
0.3813503
0.1887551
-1.926786
-0.7662492
0.1972595
-1.16844
-0.02657081
-1.263013
-0.6327854
-0.3177553
0.2345545
-0.4705792
-0.1546947
1.388769
-0.06520692
-0.541128
-0.6525041
-0.3429224
-0.6880947
-1.271139
-1.150244
-1.582681
-0.4557366
0.1985421
-1.898057
-1.037299
-1.883376
0.1876126
-0.6410347
-0.3910906
0.4360013
-0.05876137
0.1934987
-0.2552424
-0.6747511
0.1788626
-0.08080026
0.1051016
-0.05395088
-0.7483052
0.1663665
0.1210691
-0.1839653
-0.2733023
0.2887393
-0.3207207
0.1185851
-0.744585
-0.7787181
-0.7861109
-1.55824
-0.1089698
-1.151249
-0.9731381
-1.329265
-0.0845963
-1.185904
0.3846326
0.1753063
-0.08201696
0.1169815
0.1686288
-1.244288
0.08913966
0.05926557
-0.6632298
-0.7862387
-0.8677117
-0.1010032
-0.7386339
-1.217956
-0.8210744
-0.769262
-0.3487897
-0.7261829
-0.6854172
0.2379754
-1.029186
1.900871
1.780087
1.712836
1.931055
1.966345
2.123946
1.740502
2.903389
1.442098
1.617471
1.516277
1.241124
-0.9544426
0.5134357
0.3270537
0.7597023
0.4593918
0.09033953
0.8688417
0.7252953
0.1259115
-0.5510494
-0.2188748
-0.4862951
-0.7699823
-0.8786276
0.3188863
-0.1882915
-1.09297
-0.6845834
0.1816454
-0.7790996
-0.3946603
-0.09482222
-0.1107584
-0.2191423
-0.5088276
0.1362925
-1.163606
-0.360742
-1.102594
-0.2578175
-0.5913304
-0.7535837
-0.7128681
-1.220934
-0.771232
-0.925014
-0.3323154
0.8255625
0.6200255
0.2631849
0.6383305
1.288778
-0.7279538
-0.03240565
1.574917
1.329318
1.011666
0.506156
