0.6749108
2.490698
-1.084656
0.289902
0.1020291
-0.2767052
-0.1407555
0.1198014
0.4110996
1.092314
-0.05120665
0.3678015
0.4223192
0.509645
-0.3562121
-0.8203973
0.6459002
-1.092479
-0.2338036
0.3634792
-0.6447642
-0.0957093
0.9650361
-1.542404
0.4302825
-0.5027704
3.774153
0.9916171
0.9841419
0.9748116
0.6282344
0.5103274
1.240908
-0.3193203
0.9766403
1.75244
0.7996014
-0.1653197
-1.816866
-0.8796852
-1.020554
-0.1580093
-1.041025
-1.26057
-1.075957
-0.6463066
-1.709939
-1.874892
-1.828131
0.00835499
-0.9889057
-1.230395
-0.6978464
-0.8666345
-0.7317947
-0.9102809
-0.3575526
-1.722987
1.079161
-0.7954255
-0.4071123
0.3144621
1.764897
2.00143
0.9419134
1.080247
1.366335
1.352608
1.500672
1.113758
2.423236
0.2684858
3.106042
1.068604
0.343839
0.5427543
0.7885905
0.2705903
-0.1645581
-0.1622437
0.4903974
0.0936456
0.5694142
1.048775
-1.305125
2.050867
-1.13817
-0.6296297
-0.2047153
-0.1177135
-0.3405584
-0.3387682
-0.346547
-0.8231714
-1.127695
-0.7440419
1.95623
2.213427
0.04523267
-0.4188952
-0.4614172
0.03011601
0.1162096
0.445179
0.4402572
-1.010649
-0.2361625
2.25779
0.3044579
-0.5047878
0.7113603
1.910559
0.6032513
0.3915735
0.3159655
1.025095
0.7766536
0.5577822
1.852196
0.3961448
-1.053678
-2.124104
-1.137239
-0.6268151
-1.179535
-0.709342
-0.8814042
-0.1406921
-0.7903372
-0.7988738
0.210224
2.148228
-1.194073
-0.8144926
-1.929534
-2.019983
0.5797923
-0.9887592
-0.4009006
-1.408833
-1.298946
-0.4410761
0.2391679
-2.123959
-0.4214979
0.03425281
0.7653285
-0.5266068
-0.7404379
-0.2979895
0.3948725
-0.4676421
-0.2716538
-0.9730957
-0.8660468
-0.3542163
0.4693761
-0.9986379
-1.299339
-0.7873774
-0.9973684
-0.3941065
-0.04573454
-0.7981983
-1.36844
-0.4334097
-0.8522258
-1.066706
-0.2305801
-0.6893373
0.1096559
0.4403256
0.9330507
0.810814
0.3833424
0.0005628001
0.5887834
0.4824904
-0.1593844
-0.7750421
-0.6745883
0.8942643
-0.5347137
-0.4166056
0.5879093
-0.1450896
0.4215231
0.2632656
0.1885751
0.8482925
1.387516
-0.4138212
-0.1851647
0.433541
-0.5857617
1.096195
1.211003
0.3998595
1.104844
1.063825
0.00229545
0.7337041
0.7621987
2.59697
0.755031
-0.6394767
0.2757356
0.5481296
0.03537825
-0.6125754
-0.731289
-0.4325704
0.4881079
-0.2562203
-1.349367
0.06698025
0.4069856
-2.34409
-1.071237
0.6209165
-0.932385
-0.5430562
-0.9931772
-1.415478
-1.063943
-0.03834353
0.6431427
0.8655573
-0.6339368
-0.6010122
-1.514584
-0.5735828
-0.7971368
-0.6770162
-0.8361223
-0.986759
0.1561563
-1.352746
-0.9382794
-1.080655
-2.249565
-2.116385
-1.616582
-0.7215718
-1.125263
-1.585252
-0.6211951
-0.5217841
-0.7638449
-1.282449
-2.006689
-1.767132
-0.621313
-0.7020652
0.4318431
0.8453856
0.6993794
0.8008853
0.4375479
0.3017393
1.17074
-0.3842282
1.012721
2.231965
0.8524787
-0.01343484
1.893918
-0.2249199
0.5063184
0.2618487
0.1062985
0.2337058
0.2407544
0.1074802
-0.7110346
0.903949
1.13386
-0.5425431
-0.2313696
-0.3205708
0.4593072
-0.03127694
-0.3408564
0.07508827
1.134407
1.135583
1.425707
2.037641
0.5489747
0.4331521
0.2979112
0.02100343
-0.4355518
0.8027205
-0.04812985
-0.09781262
-0.4709515
-0.5247453
-0.1604109
-0.112401
1.871009
0.6194691
-0.7041329
-0.3669469
-0.06645887
0.5341686
-0.1396467
0.4268381
-0.2546486
0.4687099
0.2763042
-1.181337
-0.9001424
-0.4539301
2.700342
0.3923656
0.3216997
0.7398306
0.5077953
0.2066368
0.4638621
0.9321255
-0.4647103
0.4806736
-1.183562
0.2411191
1.143231
-1.758376
-0.3043731
-1.410401
-0.748584
-0.4486563
0.3443811
0.4359186
-1.660069
-0.9463149
-0.179935
1.747298
-1.002728
1.132283
-0.3924969
0.6524113
0.3714359
0.1288264
-0.2053588
0.202056
-0.4475061
-0.5175001
-0.8657041
-0.3911574
-0.2811585
0.1758852
1.143278
0.09901941
0.2861444
0.3665442
-0.4123949
-1.024798
-0.8893908
-1.023029
0.5177019
-0.3505159
-1.08431
-0.2327449
-0.937955
0.04008992
0.1208636
0.03083072
-0.7551838
0.8371722
-0.3985891
1.48021
0.7452434
1.866492
0.3500952
0.06417102
-0.3459771
-0.4057923
-0.5971658
-0.333914
-0.1504327
0.1008238
-0.3167259
0.2288692
2.327805
2.480257
1.567199
1.811959
1.392633
2.059186
2.299442
2.473971
2.288445
1.877146
2.3412
0.04583933
-0.5815711
-0.179274
0.5338003
0.5316642
1.042153
1.294197
0.8752099
1.315994
0.2777315
1.359294
0.1643738
1.162162
0.8873989
0.5124632
2.33991
-0.3526623
-1.313843
-0.452041
0.03823555
-0.2256998
0.06951293
1.048013
-0.8554684
-0.7929825
0.1410627
-0.09016911
0.1234477
0.5793194
0.09031793
0.1541365
-0.0631882
0.4321498
0.1792078
0.224828
0.6738587
-1.764777
-3.077274
-2.136572
-2.00246
-1.303032
-1.922642
-1.415703
-0.5151802
-1.364648
-1.356457
-1.133525
-2.080796
-1.242221
1.075797
-0.4874657
0.51513
0.5219126
0.3446711
0.4159653
0.6201331
0.5914209
0.1212336
0.2327164
-0.1395539
0.1256433
-0.3269309
0.1625927
-0.5051773
-0.6353716
0.784041
0.008740271
-0.414642
-0.5102319
-0.6553359
-0.7396335
-1.201355
-1.177884
-1.125218
-0.9228775
1.443993
0.5033461
-0.2144995
0.3941045
-0.3979945
-0.007321043
-0.5065716
-0.1263554
1.305777
0.4472384
