-1.669474
2.341375
-1.087403
-0.6644481
-0.7374819
-0.6306201
-1.149399
-1.331393
-1.412918
-1.743369
-3.083445
-0.5621901
2.246409
-0.7901013
0.2944787
-0.3066134
0.02073334
0.6763471
0.6750492
0.8717322
1.07252
-0.5798904
-0.7213975
3.195587
-4.282603
-1.158832
-2.749819
-0.3711303
-1.418749
-0.1978438
-0.03283981
-0.6949318
-0.3020664
-0.3264255
-1.15027
-0.6635487
2.418905
0.6715454
0.7135823
0.8840569
0.7101244
-0.06951591
-0.1750224
0.2909496
-0.1847772
0.9646485
0.7121063
-0.4389798
0.3963113
-0.3968614
-0.2189671
-0.1696838
0.5682785
-0.274671
0.03045869
0.2860454
0.7942173
0.5161112
-1.352859
-0.2320531
-0.5935258
1.168727
-1.237746
0.2078283
0.104402
-0.1590808
0.1474058
-0.0681155
-0.1650386
0.3635555
1.042095
1.14436
-2.570789
2.632613
0.144498
2.039274
0.4364834
0.5124347
0.3338447
0.4615593
0.4863758
1.410933
2.13844
-1.74016
-0.174378
-0.3153439
0.7263327
1.85886
0.5863991
0.4776499
0.2581773
0.5799866
0.210431
-0.09137055
0.9094416
-1.561131
-2.261044
-1.545201
-0.5480925
-0.511405
-0.3913134
-0.1021284
-0.4537091
-0.3922887
-0.5108908
-1.197776
-0.64104
-1.436259
-0.3227756
0.3458339
-0.3786974
0.09977277
0.2867723
0.1738679
0.2917488
0.4141903
0.3956464
0.8020602
1.450548
-0.4233319
2.004659
-1.647532
0.7612282
-0.4818611
0.223889
0.2363618
-0.277688
-0.6553705
-0.4699873
-0.2013238
1.216316
-1.273522
1.521072
3.61866
-0.6775942
-0.3251602
-0.2826917
0.433921
-0.1218209
0.1213307
0.2688685
1.077996
2.400647
2.073585
0.8054402
0.760889
0.8595532
-0.2130318
-0.1743287
0.06084111
0.08735523
0.1648307
-0.3623154
0.6696231
0.7738774
0.8731736
-1.076217
0.7155491
-0.7327897
0.6371344
0.6736575
-0.121842
-0.08380976
-0.191002
1.894847
0.6405758
-0.8240326
1.333562
-0.06832823
-0.9136541
-1.467595
-1.280329
-0.5839197
-0.4088073
-0.3304481
-0.2102795
-0.01446621
-0.8764868
-0.5328699
-1.103134
0.2129168
1.680503
-0.2875187
-0.3414995
-0.6900463
-0.3304221
-0.8393834
-0.8636102
-0.1671654
-0.07108849
0.8432153
0.7360295
-0.8749548
-0.5007073
0.7299504
-1.194845
-0.6772149
-0.3522244
-0.1150325
0.1760447
-1.137054
-0.1544786
0.2697064
0.307321
1.525255
-0.4975805
-1.080722
-0.2404159
-0.002196763
-0.06219213
-0.3535045
0.2240622
0.2504727
1.200168
-0.1551205
0.5848383
0.3477583
-2.086665
0.2015429
-1.341913
-0.8978366
-0.8820244
-0.6898851
-0.9820858
-1.357384
0.02478104
-2.019897
-1.369839
1.865101
-0.9832761
-1.158347
-0.9343423
0.1603862
0.6471086
0.2783041
0.3369437
0.6455966
0.3400755
0.218706
0.4075997
1.688826
0.9120477
0.6622091
0.4896504
0.7124802
0.6027666
0.7290765
0.167896
0.3523262
0.8914222
0.5967187
0.9908979
1.705078
-0.8844826
-0.3989743
0.7216048
1.324854
0.3849056
0.8206118
1.061888
0.9210634
0.8848133
-0.5304838
0.2380144
-2.706652
-1.52678
-0.5902903
-0.2609659
0.4761298
-0.2440772
0.0808211
-0.4290332
-0.7182167
0.2278799
-0.6189606
0.3908431
-0.5055175
-0.3847486
-0.04002543
1.514222
0.338065
-0.02614294
0.09658699
0.3791413
-0.1690242
-0.6912498
-2.302393
-1.820768
-0.8457567
-0.5141986
0.6507417
-0.1254313
0.4943123
0.0428996
0.2171984
0.1053191
0.3574725
-0.653697
0.3422951
-0.2724574
0.6214356
-1.071136
0.2646996
-0.5773772
-0.1850711
-1.030421
-0.7686874
-0.9685019
0.2881699
-0.464543
-1.280057
0.124547
0.3132941
0.4130107
-1.101939
0.03734711
-0.5669019
-0.004892389
0.2803399
0.1169662
0.1628517
-0.04113264
0.8407184
-1.202073
1.800172
-0.9547654
0.8557764
0.7551225
0.1696142
-0.04239424
0.180307
0.5763048
-0.6290895
-0.4681374
2.198576
-0.9976116
-0.1692585
1.455562
3.310643
-0.2945813
0.7810502
0.6336334
-0.1161039
0.492113
0.6394091
1.034022
-0.2569894
1.015672
1.535538
1.531939
0.6630738
0.9756574
0.2639214
0.7349747
0.8378497
0.765973
0.4876869
0.823338
0.04829956
1.513138
0.9993252
1.332706
2.0963
0.4384744
0.5194444
0.3572634
-0.1256685
0.11829
-0.5011534
-0.1958887
0.4168688
0.2845691
0.2740207
-0.9470337
-0.7830063
-1.028468
-0.1129105
0.2443832
0.3030486
-0.0373612
-0.0713934
-0.6148415
-1.070245
1.778328
0.09204229
0.3286925
0.7982072
0.7877598
-0.3174408
0.2206775
0.5892821
0.4488809
-0.4892491
-0.4759336
1.649284
-0.8910304
2.152411
-1.06555
1.432086
-0.2733186
0.402497
-0.1371063
-0.01101876
-0.03361312
-0.4084876
0.3552496
1.405346
2.188621
0.05998441
0.3686936
0.9731873
1.870095
0.6707336
-0.2658681
0.1972554
-0.2203443
-0.09968768
-1.016982
-0.03787275
0.8271275
-2.048919
1.10932
-0.2344123
-0.2706618
-0.5237742
0.1522129
-0.2751822
-0.4849606
-0.2385231
-0.1126124
-0.702094
-1.431686
-1.555622
-1.336467
-1.261837
-0.9508018
-1.45737
-0.9395989
-0.580217
-0.4271042
-0.04285819
-1.305223
-1.306575
-1.097822
-3.335342
-3.111708
-2.292141
-2.132719
-1.669001
-1.164241
-0.8441352
-1.035493
-1.065379
-0.7075986
-1.603094
-0.4701374
-0.3145248
0.1528084
1.51545
-0.2651358
-0.4620096
-0.1348245
-0.1447359
-0.3089567
-0.28803
-0.4613664
0.2807968
-1.883485
0.8532909
1.143892
0.7153521
1.268435
1.243749
0.9945812
1.048025
1.156638
1.548009
0.1835405
0.3832499
0.7995223
