0.1092731
-0.2640729
-0.2871706
-0.656911
-0.7461126
-0.5226395
-0.437077
-0.2335693
-0.1234696
0.293815
0.4550462
0.2087441
-0.09700205
-0.5641358
-0.4443271
-0.8137752
-0.9141085
-0.8843002
-1.069934
-0.7764385
-0.6225869
-0.801753
-0.6268137
-0.874567
-1.610957
-1.895167
-1.769626
-1.874117
-1.659965
-1.915711
-2.012645
-2.112808
-1.801751
-1.531172
-1.814723
-1.915533
-0.7377888
-1.181374
-0.9386201
-0.946128
-0.5398225
-0.9749217
-0.6947248
-0.3017595
0.02457718
0.06757274
0.6155845
1.130813
2.415186
1.965425
2.197348
2.527725
2.19291
2.010114
1.651843
2.190438
2.478955
2.430568
2.264477
2.360155
1.714879
1.540072
1.255731
1.69551
1.032271
1.061565
1.32021
1.30261
1.390671
1.085441
1.150627
0.9689724
0.5123306
0.7726156
0.9629669
0.8992773
0.667177
0.9962966
1.200556
0.7530974
1.150083
0.8952681
0.6441402
0.3546053
-0.9628134
-1.224327
-1.435474
-1.520431
-1.336563
-0.8326194
-0.9893973
-1.130507
-1.110125
-1.299869
-1.464871
-1.050156
-1.526229
-1.570284
-1.084294
-0.8458051
-0.8785705
-0.8322828
-0.4833748
-0.7307284
-0.288008
-0.456101
-0.8036235
-1.153514
-0.9469162
-0.1624034
0.4560308
0.5673421
0.06662972
0.3478173
-0.05666381
0.05050963
0.02300429
0.1346419
-0.2467859
-0.202645
0.1152907
0.2062971
0.2922067
0.2110645
0.06606171
-0.2730975
-0.2939172
-0.5137388
-0.4359739
-0.8013121
0.1127768
-0.3949511
-0.5218558
0.06890149
0.2614576
0.2350285
0.2023065
-0.009976137
0.02079124
-0.2635026
0.0103677
-0.05518606
0.2252455
0.5313188
1.604877
1.494048
1.485381
1.745659
2.001736
1.822112
1.500994
1.32187
1.402184
1.049363
0.7204639
1.243941
1.015544
1.688152
1.340862
1.340945
0.9907189
0.6411191
0.2473868
0.5435647
0.3896832
0.1688257
0.1726631
0.2135685
-0.6777189
-0.6511981
-0.4068952
-0.8376378
-0.8534966
-0.8688043
-1.062228
-1.031614
-1.10196
-0.7812344
-0.5156507
-0.7153757
0.2196746
-0.007860247
0.6327431
0.7497866
0.9198607
0.2677188
0.4214858
0.8074636
1.117194
1.191468
0.9094934
0.9085437
1.308553
0.9890742
0.8830533
0.5699777
0.0748869
0.06217453
0.4581702
0.5775395
0.4975147
0.9367776
0.9803069
0.9859005
-0.05521484
0.5212269
0.1231358
-0.206172
-0.3647297
-0.3858711
-0.4591516
-0.7416359
-0.5066502
-0.1789721
-0.3696652
-0.2019307
0.5411343
0.1535679
0.3465492
0.3336321
0.7800435
0.6853144
0.6999618
0.7654794
1.06098
1.437138
1.352933
2.097992
0.03219791
-0.07138117
0.2511638
0.6948935
0.8929019
0.431585
0.1954837
0.3737025
0.18926
-0.1967494
-0.170345
-0.5625748
0.3520507
0.4312755
0.7210477
0.9528039
0.7431923
0.9729062
1.069356
1.059345
0.567054
0.8331833
1.783135
2.02248
1.416618
0.9340682
-0.0117542
0.1860163
-0.1525943
-0.1819587
-0.4492531
-0.1348575
-0.2781405
-0.1051148
-0.5236699
-0.7769495
-0.6037644
-0.858214
-0.9214144
-0.5914719
-0.2743146
0.02048103
0.08251225
0.2387435
-0.08790812
-0.09262843
-0.2787677
-0.01248173
-0.6344635
-0.7199244
-0.7297646
-0.9259383
-1.005588
-1.08887
-1.340886
-1.591552
-1.748122
-1.835984
-2.423041
-1.364812
-1.558031
-1.506787
-1.77403
-1.471419
-1.433483
-1.294528
-1.223043
-1.28978
-1.787603
-1.463204
-1.671811
-1.622531
-0.6507576
-0.1379718
-0.7285362
-0.6985819
-0.605101
-0.7841674
-1.063188
-0.8426396
-1.161869
-0.8264261
-0.8970534
-0.7716795
-1.672981
-1.497227
-1.138571
-1.389212
-1.172711
-1.559426
-1.441435
-1.332614
-1.274874
-1.809195
-1.588447
-1.919241
-2.054986
-1.99021
-1.970226
-2.099272
-1.458669
-1.02898
-0.7840716
-0.5741797
-0.9995728
-1.249961
-0.7926036
-0.9602693
-0.9941777
-0.7711401
-1.312346
-1.195736
-1.062152
-0.5700663
-0.6569754
-0.6811827
-0.7664157
-0.6362227
-0.4164529
-0.6258121
0.1405543
0.8825417
0.7795023
0.7274524
0.6850738
0.7307498
0.6081339
0.4766949
0.4914799
0.3251009
0.09170977
0.2228948
1.707659
1.248324
0.9715689
0.8384248
1.137758
1.241707
0.981086
0.7771782
0.3379971
0.4780464
0.2449932
0.6061079
-0.9865429
-0.4502568
-0.04475414
-0.2408694
-0.34856
-0.03720028
0.07968787
0.2695513
0.4196866
0.8979595
0.7906954
0.5553858
0.8159954
0.6415406
0.7800767
0.6593602
0.4362648
0.6291426
0.9164654
0.8387919
0.8657622
0.7755486
0.9448054
0.6997837
1.419022
1.342402
0.9823694
0.6776698
0.9968897
1.020569
1.041148
0.8804335
1.052691
0.817149
0.8030708
0.527899
0.8921764
1.296224
1.042204
1.056361
1.060635
1.034047
1.263793
1.287235
1.185617
0.9555554
1.378686
1.054891
1.1309
0.6374022
0.8044546
1.136026
0.924153
1.238665
1.193268
1.206242
1.145432
1.105176
0.7474722
0.489859
-0.6736349
-0.3424221
-0.1906339
-0.2173583
-0.1449264
-0.1337503
0.160141
0.1645387
0.2561965
0.5597164
0.3346832
0.3564805
0.2744147
0.1334029
0.01369426
0.1120071
-0.2847521
-0.2468598
-0.2163605
-0.6182123
-0.9075138
-1.027993
-1.033857
-1.056583
-1.527551
-1.682522
-1.572185
-1.353119
-0.9277014
-0.897203
-0.6798674
-0.9276561
-0.6969339
-0.8198571
-0.3490015
-0.3694664
0.4162184
0.3265237
-0.04132109
-0.188393
0.1980482
0.07773184
0.3312809
0.03650033
-0.2013505
-0.2528442
-0.4563228
-0.6487454
