-0.6661414
0.8831761
0.0991479
-0.8087755
-0.2328056
1.593255
-0.0005283151
-1.508995
0.290078
-0.4006379
1.6572
0.8015752
0.7799732
0.4813682
0.8520783
0.9497325
1.847764
-0.4275989
-0.4964572
0.1992015
0.05805554
-0.1119486
0.09146262
1.20521
-0.2536457
0.3571457
0.2704762
0.5928437
-0.06053116
0.246777
2.371063
-0.1318517
1.620369
1.15078
-0.8487031
-0.8480169
-0.1262092
-0.5042095
-1.515518
-1.880748
-0.8111602
0.147543
-0.5280201
0.2099075
-1.033931
0.07996835
-0.6053401
1.678106
1.145001
-0.4145426
-0.8857795
-0.6642051
0.4815725
0.2195376
-0.8835467
0.1383681
0.1280897
-0.687867
-1.967194
0.35598
-0.1383603
0.419698
-0.2308843
-0.6213636
-0.3155647
-0.3360539
-0.7174506
-1.015216
-1.300601
-0.8245075
-1.691859
-0.1561936
0.1893965
0.6345134
0.659191
0.3802739
-0.2863209
1.395626
-0.9139224
1.757868
-0.3746897
0.7977877
1.022254
-0.841259
0.4059509
0.6991134
1.264276
0.3096852
0.1388933
-0.6282648
-0.2242117
-1.158305
-1.126094
0.9419542
1.236984
0.2367778
1.804745
2.23455
0.4227173
1.699513
2.529181
0.9056857
0.1664154
0.7262242
0.9483246
1.047014
0.6390526
0.3311034
0.5912436
-0.5698525
0.519474
0.5896778
-0.2179735
-0.2076648
0.748428
0.5593602
0.6609234
0.8377177
0.7978867
-1.112807
-1.01748
-1.3589
-1.506287
-0.5859246
-1.492262
-1.181961
0.3745448
0.9263165
-0.4817423
-0.7339357
-1.061944
0.4556073
0.6898289
-0.8522701
-0.8415825
-0.4676951
0.02676476
-0.9543951
1.452727
-0.4595949
-1.537845
-1.000969
-0.1712279
0.520676
0.04121853
0.4986385
-0.3420682
1.288293
0.5589704
-0.6477504
-0.2256126
0.145686
0.08357847
-0.05693756
0.3960678
2.557197
0.3870336
2.219508
0.09890903
1.464282
1.544304
1.328637
1.278227
-0.8745977
-0.00803244
-0.2059431
0.9178031
0.6345036
-0.3865887
-0.2781458
-0.3476989
-0.05389294
-0.5786169
-1.092809
-0.2839875
-0.9221711
-0.277313
-0.1347403
-0.2402348
-0.3315336
-1.040003
-0.3791971
-0.1036506
-0.01021394
-0.2544497
0.4733425
0.0036822
-1.7321
-0.5652379
-0.04234595
0.4549147
-0.004638511
-1.191987
-1.830471
-1.754405
-1.184609
-2.485147
-2.180517
-0.7109565
-0.2363393
-0.9886639
-1.38248
-1.832763
-2.883942
-0.8477582
-0.7749857
-0.9996288
-0.1383395
-1.422986
1.550249
-0.4942688
0.09848166
-0.4385185
-1.190742
-0.6235003
-0.4646963
-0.4418169
-0.4210255
-1.734646
-1.604175
-0.8701344
-0.6221049
-0.599284
-0.8453406
-0.1064633
1.26833
-0.4080473
0.6890367
-0.9602081
-0.9561965
-0.5430178
-0.4174712
0.8502038
-0.4608714
-1.055181
-0.6116641
-0.4808537
-0.5917344
-0.05688087
-0.9836867
-0.1598158
0.3716129
0.6473554
-0.2442103
0.3086914
0.8358139
2.200384
0.8748296
0.8009164
-0.3978695
0.6682005
-1.315949
-0.6593588
1.054923
0.703275
0.3133208
0.4537252
1.045864
0.6836337
0.813271
1.436572
0.7250373
1.082544
1.429527
1.355432
0.1431682
0.4511388
0.3494794
0.8509608
0.5319924
0.2570505
0.2836166
0.4067711
-1.489228
-2.14627
-0.8003951
0.3218237
-0.6410959
1.850211
0.5960563
0.7159482
0.09827793
0.6520412
0.6390346
-0.3419628
2.302257
2.552325
-0.2590792
1.687477
1.754284
1.012112
0.6978042
0.1304989
-0.560157
0.7109783
0.3401334
-0.3655635
-0.6208419
0.1141528
1.210592
-2.138482
-0.2970372
0.4989327
1.355293
-1.364778
0.08146965
-1.694022
-1.168822
-0.6494827
-0.570685
0.8964425
0.8853027
-1.387207
-1.518255
-0.2265435
-1.092339
-0.3532429
-1.797668
0.04586422
0.122068
0.02596983
1.606687
0.008895348
-0.9708539
-1.091314
-1.256131
-1.859532
-1.964295
-2.766015
-1.300536
-1.12107
-1.390859
-2.101334
-1.096774
-1.791449
-0.9831097
0.322438
0.5015212
0.09535618
1.556773
0.3584944
0.4237628
1.264557
0.3933029
1.676497
0.1248839
1.199363
-0.2351558
-1.215715
0.6762577
-0.4704142
0.4110415
1.003082
-0.3616301
1.106917
-0.07985045
1.855578
1.337039
-0.3203007
-0.7585034
-0.336126
1.022877
1.267218
0.6645545
0.8936703
0.2953159
-0.4467015
2.730235
1.67827
-0.6393003
1.245417
-0.1934716
1.525683
0.6536798
-0.4201869
-0.2158619
0.099986
0.5280731
0.3954164
0.3584592
-0.5902323
-0.4956934
-0.6668456
-2.736917
-0.3401482
-0.620419
0.5724933
-0.4104202
-0.8497158
0.06665128
-0.8026571
2.137367
1.785968
0.5453223
0.7548583
0.2791794
1.001918
0.3499961
1.481854
-0.02532251
1.33246
-1.039517
0.4620284
0.4531169
0.7872666
-0.9986163
1.01182
0.6839132
0.5300041
0.3685721
1.077896
0.9251003
-0.6640005
-0.4750058
0.1666872
1.242465
1.581161
-0.7436305
-0.2579919
-0.3523417
-0.5493156
-1.249246
-1.650658
-2.053767
-0.4726621
-1.047015
-1.473561
-1.281111
-0.7392532
-1.72054
-2.874621
-0.9059347
2.328285
-0.8422185
1.007959
-0.3860112
0.550893
-0.02342123
-1.801737
-0.6537442
-0.05462906
1.856267
0.6649757
1.400607
-0.4680773
0.6334096
-0.2616555
0.7517538
-0.3659564
0.2950336
-0.2866314
0.3897348
-0.8911219
0.1487048
0.292193
1.664048
0.007698181
-0.1688186
1.662635
-0.3475832
0.7613301
2.288702
0.6312778
-0.7946084
-0.4212804
1.400858
0.3596667
-0.02980991
0.2409395
-1.073566
-0.8590079
0.2543821
0.4102999
0.9878007
-0.2069102
-0.6575761
-0.9221486
0.005493342
-0.4500769
0.209318
