0.7742165
-0.1764782
-1.190285
0.6288159
-1.752389
-0.4699586
-0.3100962
-0.863965
-1.364164
-0.2234831
-1.424569
-2.132135
2.544313
1.473755
2.615653
0.9289776
1.131975
0.3492276
0.7442216
1.319333
0.5305812
0.5802261
0.7291569
-0.4616621
-1.965013
-1.40904
0.1538642
0.3842872
-0.04693174
-0.7841943
-0.6344839
-0.921309
-0.4953831
-1.304459
-1.082595
-1.12184
1.236604
0.566301
0.7098793
-0.4927123
-0.3771117
0.6285803
-0.1970601
0.06875964
-0.6267262
0.5907499
-1.194349
-2.195261
-2.435167
-0.9019469
-0.5781659
-1.091191
0.03286043
0.3627291
-0.1241925
0.209761
-0.1234326
-0.3678573
-0.1879356
-0.6795709
-1.825698
0.07580415
0.03247315
0.5496595
-1.028048
0.1091233
0.001548514
0.3517709
-0.167668
-0.2723618
0.8868887
1.500536
2.536416
3.293195
1.183807
0.4187131
0.4400125
0.4521406
0.7164951
-0.4740902
0.09339229
0.3409506
0.8447397
0.9000729
0.03490576
2.636722
0.06509333
-0.08879171
0.7496119
0.08479381
0.8000301
0.7154752
1.09127
0.5277882
-0.2359486
1.810598
2.278282
-0.5472828
1.419397
1.103225
-0.3178751
-0.2550015
0.2273804
0.6535845
0.1969285
-0.1960532
0.875944
-0.07683844
0.08047289
0.6969875
0.1595707
0.6712178
0.3897621
-0.4696659
-0.6325915
-0.01696636
0.04158647
0.2461343
1.387672
0.09598482
-1.574393
-2.256706
-1.92827
-0.2894466
-0.3166659
-0.7366915
-0.3123085
0.01801169
-0.3656056
-0.2931794
-0.26296
-0.4591102
0.6425439
-2.274065
-1.812738
-0.5899866
0.8442502
0.5487499
0.3928481
0.6332484
0.8881305
0.4280882
0.4259809
-0.06832094
-0.317309
0.6924359
1.222409
-0.7548929
-0.08074645
-0.7060077
-0.141013
0.1780042
0.1196244
-0.7274353
-0.4701849
0.8539354
-0.9779134
-1.224727
-0.8314062
0.8210789
-0.06346344
0.3377783
0.4625639
-0.002662514
-0.1698782
1.233521
0.7448723
-0.5447487
-1.86492
-0.6691591
-0.009122858
0.3294692
-0.1576701
0.2212071
0.1865408
0.2201149
1.282387
0.3830274
2.926785
-0.1429886
-1.181553
2.146477
-0.1906098
-0.9641811
0.2040129
-0.4156199
-0.3239829
-0.3999546
-1.372549
-1.045454
0.007891969
-0.1266895
-1.605148
-3.350746
-1.440729
-1.464232
-0.2425086
-0.5076405
-0.128506
-0.2316914
-0.3871563
-0.808212
-0.1520155
0.991146
0.5346789
0.4743697
0.8444216
0.6540449
-0.415735
-0.1743294
-0.1858558
0.008845234
0.8083711
-0.281734
-1.819267
0.1497284
0.02645339
-1.627485
-1.465158
-0.6772674
-0.4418335
-0.7726121
0.1315758
-0.3914341
-0.2541973
-0.7693574
-0.3225419
0.4051492
0.2331751
0.9994534
0.613039
1.694879
0.6802434
-0.09884395
-0.04261283
0.4498707
0.8330405
0.5144558
2.999031
0.7912211
0.08697114
-0.7558024
1.24628
0.01637116
1.510007
-0.04042833
-0.2459858
0.3483898
0.219603
-0.4983193
1.276269
-1.283196
0.2325725
-1.43187
-0.3227647
-0.8907534
0.9058298
0.260562
0.3966197
0.4288476
0.9464751
0.3352461
0.6188467
0.6194012
-1.285875
0.007640024
-0.4797821
-1.106156
-0.3534615
0.09814719
-0.6635005
-0.2285579
-0.2066703
-0.04060387
-0.8950511
1.219695
-1.234235
-3.073135
-1.419445
0.1216519
0.4297266
0.3878335
-0.2747137
0.5909829
0.2573083
0.9847766
0.3669014
3.410097
0.8304024
1.126723
0.9860789
1.038015
-0.2681867
1.210148
0.07386541
-0.3231166
0.273055
0.2294984
0.1471344
-0.9990437
-0.6956373
-0.8839347
-0.6857819
0.3879098
-0.2486342
0.02840538
-0.1698913
-0.2824121
-0.582181
-0.3756004
-1.097896
-0.6102053
-1.184928
1.485089
1.790363
0.2771631
-0.3047728
0.425401
0.1195658
0.1335618
-0.5406309
-0.6030183
-1.218806
0.01983213
2.516103
1.503182
0.8241044
0.3282191
0.3900204
-0.717199
0.5071048
-0.03702055
-0.2967258
0.1934644
-0.126705
-1.932295
-2.273229
2.169641
-0.612524
0.3324642
0.03831831
0.5972555
0.1510388
-0.5514626
0.1809382
-0.1632202
0.922074
0.2384404
0.07542855
-1.20741
-1.262094
-0.02441026
0.7565674
0.6563243
0.2179091
0.2147673
0.9895095
-0.6855474
-1.307091
-0.5786821
0.149049
0.3394998
-0.2446645
0.4003842
0.2205024
0.02722569
0.2854816
0.532002
-0.5900331
-0.01055489
-0.5555249
1.856732
2.567402
1.944799
0.4435331
-0.2947163
-0.6328115
-0.6242152
-1.21628
-1.038778
-0.203208
0.1115358
-1.336984
1.247924
0.7009616
2.292825
0.06969386
-0.6708993
-0.2616703
-0.4422792
-0.7040475
0.06996183
-0.4447945
-0.5992897
0.3477379
-1.417885
-0.08801381
1.822387
0.1278653
-1.363136
-0.8853199
-0.661895
-0.5102566
-0.1952927
-0.5442997
-0.7284329
-0.9617943
1.963146
0.9656859
-0.4360549
2.407921
0.04895673
-0.5643615
-0.4622685
0.05514975
-0.1882957
0.3913063
0.3757058
-1.839706
-0.8906084
0.9361042
0.09280363
-1.420701
-0.06324879
-0.502344
0.4858544
0.5702673
-0.4663229
0.2977159
1.048638
0.3469512
-0.5707189
-0.9829469
-2.112672
-1.447904
-0.4654854
-0.754192
-0.7907136
0.4206383
-0.1120641
-0.9142742
0.344039
-0.9461989
-2.572903
0.08030405
-3.77654
-1.849979
-1.652616
-0.8591673
-0.5290315
-0.7896155
-1.308261
-0.8504807
0.2598395
0.5393077
0.0710488
0.2122752
-0.2754406
-1.254557
0.4477269
1.263409
0.8668569
0.4764806
-0.1392711
0.3320143
0.5800574
-0.5545558
-0.9718507
1.118175
2.470237
3.467752
1.315726
0.8613452
1.511121
0.6782598
1.054543
0.7720357
0.7493704
1.679747
1.790845
