0.02989802
0.5270718
0.3743595
-0.02643853
-0.07960049
-0.1845908
-0.1707359
-0.5863894
-0.9083077
-0.7667308
-0.4685187
-0.7612888
-0.6300352
-0.7757385
-0.7323443
-0.3833501
-0.2103064
0.172571
0.1374624
0.1152159
0.1473793
0.1189606
0.06085318
-0.2919486
0.2833308
0.3102474
0.3767573
0.4133683
0.2330594
-0.08622348
0.5879036
0.5937562
0.4899612
0.7451382
0.8326594
0.8137208
-0.3003325
-0.2536516
-0.1991091
-0.1573349
0.03682138
0.07962031
-0.05433501
-0.1179604
-0.4262123
-0.5435919
-0.7285738
-0.8087792
-1.273789
-1.33715
-1.559157
-1.368956
-1.193355
-1.332867
-1.021793
-0.8782747
-0.733216
-0.8253985
-0.9577156
-1.291625
-0.9270623
-0.7485455
-0.7617946
-0.3592598
-0.3091411
-0.04271359
-0.195133
-0.2911111
-0.4895744
-0.2247705
-0.1397682
-0.1004177
-0.3229383
-0.06467596
0.2821325
0.4283134
0.5071926
0.4013035
0.0265165
0.1244723
-0.0184755
-0.1060867
0.1459985
-0.2875445
0.09781997
-0.2473221
-0.4458884
-0.2057937
0.1275162
0.1328708
0.1945728
0.2528783
-0.1101865
-0.4822046
-0.7334666
-0.7032791
-0.2146136
-0.1373409
-0.01452383
0.08205356
0.2267658
0.9058969
0.6183922
0.3376035
0.212826
0.02375415
-0.3438065
0.1080032
0.5127875
0.4595692
0.6012574
0.8881769
1.017252
1.440829
1.640074
1.858275
1.842625
1.513246
1.562283
1.593877
1.717692
1.625842
1.333125
0.6549591
0.5871913
0.7090896
0.6921904
0.8574307
0.7675892
0.6345541
0.5156431
0.3207585
-0.09548964
0.4081275
0.3260891
-0.2911831
-0.2614133
-0.2749396
-0.3535462
-0.3696461
-0.4727964
-0.2135566
-0.02575139
0.1448792
-1.226169
-1.268494
-1.226509
-1.022311
-0.9384997
-0.8086172
-1.312678
-1.233137
-1.379164
-1.93679
-2.223744
-1.812837
-1.038425
-1.13806
-1.441879
-1.759994
-2.029164
-1.95505
-1.839382
-1.348432
-1.229347
-1.367633
-1.481049
-1.049953
-0.03506347
-0.2978259
-0.348668
-0.597454
-0.8301123
-0.9163489
-0.5449842
-0.3039487
-0.1806256
-0.6240728
-0.6214899
-0.4166599
-1.194066
-0.9035516
-0.9193529
-0.9106222
-0.7727265
-0.8750915
-0.782892
-0.8553716
-0.5904271
-0.5448353
-0.02496953
0.04625266
0.003137076
-0.2482983
-0.6666868
-0.4175496
-0.4502707
-0.2613719
-0.6904679
-0.1812095
-0.6482592
-0.1133098
-0.2739801
-0.7556226
0.07608521
0.02404017
0.03076811
-0.08927916
-0.3677604
-0.1685561
0.3926912
0.4757968
0.3232042
0.281031
0.2403678
0.3787204
-0.4320138
-0.5112284
-0.7032092
-1.034806
-1.680514
-2.188007
-1.714551
-2.062379
-1.868233
-1.451406
-1.647292
-1.046796
0.1782551
0.1525721
0.2122384
0.7950771
1.173276
1.39338
1.334272
1.354501
1.949106
2.139038
1.80775
2.154175
0.9142368
1.251939
1.351039
1.648847
1.819605
1.963505
1.758458
1.660821
1.696407
1.543861
1.687356
1.731645
2.379568
2.072609
1.969986
1.651375
1.625401
1.431468
1.297653
1.311745
1.235643
1.221516
1.593033
1.120736
0.5637566
0.7644714
0.8112753
1.073564
1.073196
0.8468385
0.9591767
0.9644853
1.309584
1.253053
0.9915629
1.115658
0.8833109
1.141486
0.9926109
0.7054837
0.7415891
0.4678434
0.4999417
0.243652
0.2564833
0.006746365
-0.4408101
-0.6654083
-0.05785158
-0.1284722
-0.1463622
0.242515
0.5599455
0.3474759
0.09282634
-0.0468829
0.1800241
-0.1255962
-0.0122912
0.3074368
-0.2405127
-0.2438622
-0.3200855
-0.3429534
-0.8151522
-0.7231777
-1.015569
-1.16042
-0.9749339
-0.6034228
-0.2359972
-0.2094659
0.08826626
-0.07097663
-0.177341
0.02621984
-0.4559587
-0.1642785
-0.08936229
0.05042336
0.3828873
0.7842081
0.9083142
0.3858373
0.5019602
0.744802
1.118881
1.230914
1.370233
0.9612405
0.7548207
0.7873916
0.6918815
0.2476471
0.455258
0.6122952
0.9209558
0.8030074
1.055855
0.9771168
1.223926
0.9951566
0.6898168
0.8961933
1.048315
1.847069
1.906925
1.619606
1.98704
1.996077
1.72856
1.866465
1.982696
1.608313
1.188573
1.161453
1.202687
1.358408
1.420853
1.168625
0.3210844
0.2765526
0.3772705
0.3812176
-0.2424978
-0.9913923
-0.8036759
-0.9951506
-0.9773704
-1.02627
-0.8295663
-0.8658129
-0.3685976
-0.1659643
0.2481798
0.4601919
0.8662564
1.277273
1.652491
1.625926
1.536237
1.566696
1.698143
1.605182
1.464518
1.085229
1.126827
0.9646778
0.9787442
1.278174
1.497008
1.422557
1.397068
1.341377
1.549047
1.509803
0.9600216
0.6320698
0.7884469
0.5408618
0.7982224
0.8398644
0.9871258
1.009771
0.8978907
0.1890793
0.01986092
0.0230162
0.05152738
0.01406515
0.131274
-0.2578086
-0.4804803
-0.4431525
-0.766719
-0.8700832
-0.9199724
-0.1994494
-0.664081
-0.831029
-1.134805
-1.222886
-1.452328
-1.457475
-1.87659
-1.623736
-1.612254
-1.886328
-1.969627
-1.882515
-1.870877
-2.080957
-1.418561
-1.532902
-1.470118
-1.365949
-1.086355
-1.499451
-1.667388
-1.693026
-1.747634
-1.761635
-1.493628
-1.173245
-1.032612
-1.08515
-1.140244
-1.163549
-1.181912
-1.292434
-1.099648
-0.7865047
-0.653056
-0.4536656
-0.5128726
-0.1897614
-0.3159699
-0.4592961
-0.4204989
-0.5293254
-0.4225578
-0.3893273
-0.2920913
-0.4174702
-0.1453715
-0.07887861
-0.2268708
-0.2519198
-1.166841
-1.033632
-0.762413
-1.056329
-1.122542
-0.9841423
-1.019217
-1.159792
-1.358904
-1.809211
-1.85914
-1.677935
