3.490766
1.415569
1.690672
2.144378
1.202867
0.7479335
0.9608181
0.9905809
0.6681162
1.235685
0.7545082
0.8459865
1.193622
0.6527812
0.6773516
-0.8860215
0.348406
-0.6479565
-0.373818
-0.2891163
-0.9941424
-0.7272103
-0.04137862
-1.33294
1.220144
1.136338
2.562733
0.840467
0.6809832
0.8900846
0.7142117
0.6590945
0.7696766
0.848744
0.7116862
1.700111
1.190521
-0.2882597
-0.4697641
-0.7755232
-0.39084
0.2210488
0.01266786
-0.3710944
-0.7276787
0.0416332
-1.431458
-1.879537
-2.736186
-0.6633926
-1.343503
-0.4238448
-0.4135575
-0.1037836
-0.3871604
-0.5522994
-0.2237007
-0.9133022
-0.3124407
-0.524676
-1.926372
-1.686863
0.1481162
0.08087865
0.1062153
0.03668757
0.2151452
0.1088469
-0.05700483
0.0265406
0.3466664
-0.8957264
2.027333
0.4709781
-0.4945369
-0.7169604
0.1400079
0.1632951
-0.1512719
-0.2737603
-0.1620199
-0.8906414
-0.01560836
0.8590117
0.03059475
2.190518
-1.321462
-0.08729953
-0.3487661
-1.190801
-0.7745272
-0.427096
-0.2745586
-1.853797
-2.77247
-0.7840875
2.338642
0.8968481
1.17461
0.3169579
0.3606616
0.9977081
0.5867351
0.5794348
0.5992212
0.1737675
0.8998163
1.453738
-1.073002
0.03866837
0.2450252
0.659063
0.04451648
-0.4256062
-0.2072483
-0.3090847
-0.2562056
0.2349084
-0.00337512
-1.220914
-1.865368
-1.143663
-1.425911
0.3704674
-0.8352261
0.1390559
0.2319661
-0.007534851
-0.1871902
-0.1923577
-0.05996972
0.4115344
-1.068453
-3.251419
-1.575269
-1.29177
-0.2970121
-0.3472891
-0.462113
-0.7427486
-0.8184748
-1.239087
-0.3417087
-1.603778
-2.204576
-0.2324979
-0.279642
-1.236251
-0.661082
0.05320589
-0.2510278
-0.5077865
-0.5131488
-0.6488544
-1.001909
-1.420251
-0.8285211
-2.167842
-1.217947
-0.9759601
-1.68834
-0.8635381
-0.6442975
-0.8961676
-0.8640021
0.7574579
-0.8893016
-1.624786
-2.218685
-1.365287
-1.579548
-0.4990785
-0.2844722
0.1516957
0.1738495
-0.06430729
0.2295265
0.4255419
-1.098722
-1.16532
-0.5023823
0.5646333
-1.064768
0.1151857
0.9237309
0.327987
0.1839202
0.1683118
0.2158929
0.1553723
0.4791083
-0.7568632
-0.819466
-1.166646
-0.8475358
0.9897907
0.7911069
0.6327478
0.2455813
0.2490312
0.3811129
-0.2754435
1.662443
0.5892314
0.7234706
1.742815
1.240807
1.438818
0.6750709
0.2055585
0.4088375
0.3922875
0.8616306
-0.07425541
0.6164939
2.192116
1.554991
-0.1475194
0.4237042
0.6056913
1.014468
1.124953
0.6079159
0.2805753
0.3391076
0.905131
1.342936
1.688164
-0.760529
-0.7046678
-0.7513813
0.9019591
0.1540337
0.3405429
-0.09289338
-0.1458028
0.1728006
-0.1952215
1.246135
0.4808964
-0.3166855
-0.2707072
0.7335913
0.2159732
-0.3878222
-0.4901107
-0.500095
-0.02705359
-0.2255026
-0.5819893
-0.4255505
-0.6566299
-0.8070056
-0.9413746
-0.5561088
0.1222529
-0.9234758
-0.8981619
-0.3135343
-0.438378
-0.3187893
-1.195818
-0.09728511
0.3753907
0.3457038
0.8041329
1.767338
0.6951917
0.694214
0.4056429
0.4376169
0.5338848
0.9121168
0.7748076
0.4208269
2.398752
-0.002753588
-1.639732
-0.378251
-0.7505782
-0.06194661
-0.09137136
-0.161763
-0.2689023
0.7172335
0.8643416
0.8480953
1.937061
1.480751
-0.5645412
-0.1386762
-0.3126028
-0.06375138
-0.266831
-0.312191
-0.03936315
0.3996525
1.017444
0.1266215
0.2827726
0.7054633
1.279365
0.3631004
0.6435168
0.4326921
0.5240387
0.1513724
0.5675328
0.3746658
1.011934
0.1266845
-0.9866548
-1.433522
0.8286256
1.92894
0.3220947
0.1960435
0.05129191
-0.03543543
-0.1166314
-0.563891
-0.245421
-0.05832478
0.3516884
-0.02865065
1.423905
1.920526
0.5471293
0.7908792
-0.03549606
-0.06628593
0.4834438
0.2057247
0.9294333
-0.1014795
-0.5080106
-1.220632
1.147907
-1.600665
-0.8052806
-1.068675
-0.3068833
-0.2719496
-0.3811256
-0.9913087
-0.9691141
-0.8870031
-1.848071
-1.658144
-1.637192
-0.6697844
0.3589072
0.4151901
-0.09806768
0.07122412
0.0524984
0.1089664
-0.5705878
-0.4189903
-0.7095296
0.2601365
0.7822757
-0.5494052
-0.4727876
-0.3923739
-0.2646671
0.3531983
-0.1378542
-0.5055023
-0.3727511
-0.4074233
2.186659
2.458901
3.592772
1.885919
1.586227
1.004733
0.5647867
0.3583844
1.042156
1.289495
1.236225
2.029494
3.828791
1.679007
0.6209921
-0.3411645
-1.609933
-0.4181988
-0.1647571
0.5618272
0.4067161
0.1998143
-0.3995408
-0.237962
-1.223323
-0.3864332
0.4618583
-0.6721798
0.4716317
0.5325001
0.8218195
0.5202543
0.7031745
0.4447265
1.01633
0.410531
1.252985
0.1751003
-0.2177286
2.147808
-0.279893
-1.21634
-0.3909478
-0.6928691
-0.5402219
-0.1899673
-0.1770114
-1.37204
-1.797165
1.125418
0.03583674
-1.03717
-0.7174786
0.04163913
0.04135295
0.01831821
0.2805939
0.02157728
0.1465134
0.1052026
-0.5272911
-0.289987
-1.058105
-0.5317311
-0.6358888
-0.09334929
0.03719857
0.3667715
0.1010407
0.3856055
0.5154428
-0.1912481
-1.142028
2.260765
0.7483014
1.05579
1.306039
1.340649
0.8957893
0.8778207
1.106014
0.7714972
1.566724
2.240615
1.150131
-0.0340509
0.02503536
-0.7955496
-0.4420876
0.5679874
-0.4425206
-0.422233
-0.1239197
0.01157266
0.2770622
-0.01708532
0.2730842
-2.031828
-1.673564
-0.2930739
-1.791324
-2.899963
-2.341179
-1.941916
-2.058107
-2.22873
-2.669372
-2.224813
-1.698861
