0.4308411
-0.4201251
0.8079793
0.09508202
0.4392731
1.185148
-0.2625924
-1.076039
-0.7353397
0.5368108
0.1201332
0.5854378
-0.8437822
-1.530461
0.4044942
0.2194237
-0.2868887
-1.081052
0.7290776
0.4907867
0.3501444
-1.265839
0.112541
-0.1288841
0.6326603
0.3116651
0.7259486
1.464041
-0.07622439
0.08488666
0.9153648
1.481832
2.163466
1.818489
-0.4382422
-0.2256902
-0.09916406
-1.022217
-1.572379
-1.597867
-0.5065939
-0.3074566
-0.1199325
-0.3858758
-1.261777
-0.8449975
-1.141141
0.07502153
-1.245736
-0.7956924
-2.037598
-1.327681
-0.2732299
-1.067246
-2.522149
-0.2921777
-0.9901488
-1.374389
-2.302909
-0.8155079
2.498321
1.649884
2.029177
1.071816
2.172722
2.240154
0.532186
1.207302
-0.09452365
2.228969
1.495545
1.709692
0.4382312
0.05513401
0.9731897
0.06374158
-1.042695
1.429635
-0.5628507
0.8047375
-0.3389157
0.6026953
0.5344751
0.1633836
-0.4839479
-0.1844369
0.05104608
-0.506079
-0.1929468
-2.566171
-0.5109838
-0.1046841
-0.3337439
0.652087
0.7824528
-0.4347874
0.1375022
0.697098
-0.1026391
0.1111746
-0.06681547
0.8947362
0.266326
-0.7716181
0.4674062
0.521005
0.1267706
-0.02245587
1.088766
0.5423133
0.2507513
0.7361066
1.475468
1.723413
1.13622
0.8833669
1.067615
1.629261
-0.2007504
0.1995054
-1.009856
-0.4560966
-1.365959
-0.1101777
-0.9778726
-1.15716
-0.6207655
-0.6993269
-0.1396288
-0.08107052
-1.717428
-0.4553913
-0.2181378
-0.5981796
-0.4863315
-0.1442886
-1.303864
-1.37307
-0.7818778
-0.6307135
-0.4462235
-1.315009
-0.03466659
-0.4365045
-0.03780602
0.1448794
-0.4345542
0.4947848
-0.3675044
1.239003
0.7131685
0.08984128
0.8671741
0.7769455
0.7744522
0.3534797
-1.412673
0.2422734
0.5562064
-0.1047954
-0.3813606
0.4716862
1.100655
0.2181578
-1.121307
-0.7025545
-0.8773259
-0.3025203
1.27588
0.6943699
0.9336756
1.032179
-0.664335
-0.6938848
0.3226073
1.237591
0.8791434
0.5284983
0.7757911
0.4069088
-0.1166364
0.4493102
1.048995
0.8986686
0.1735185
1.038614
0.5910628
-0.8432651
0.2945525
0.08734775
-0.217669
0.7247835
0.3117208
0.5692045
0.07380158
-1.13176
0.02996605
0.2057208
0.1787407
1.49773
0.4884517
-0.6574867
1.054334
-1.078299
-0.3319778
-0.2527069
-0.3788861
0.1565446
0.3265744
-0.0492419
1.436314
0.6500365
-0.6124584
-0.562566
0.3402229
-0.2967139
-1.240504
-0.6329893
-0.9277087
-1.210354
-0.6921448
-0.160556
-0.49578
-1.479941
-0.390205
-0.6445709
-0.4643361
-1.084966
-1.162045
-1.202875
-1.472307
-2.156229
-0.3799988
-0.776624
-2.6878
-1.014032
-1.418773
-1.78238
-0.7291412
-0.9503564
-1.610532
-1.306467
-1.412676
-1.358892
-2.25704
-0.5502431
-1.169858
-0.9652538
-1.310212
-1.123136
-2.270339
-1.932785
0.821254
1.366261
1.240414
0.88933
0.01675228
1.555247
1.612125
1.905322
2.069486
1.433654
2.672102
1.778371
0.1138832
-0.1260405
-0.2811099
0.2466478
-0.134818
0.09938145
0.7161784
-0.5088472
-0.2701638
-0.9526795
-1.525123
-1.77301
0.2535296
0.09629537
1.336581
0.9519723
2.392839
1.272137
1.957587
1.463676
0.5899027
1.355698
1.395456
-0.1774792
0.1584967
-0.5119489
-0.2756747
0.3628934
0.04480375
-2.097916
-0.01249172
-0.7674618
-0.7177749
-1.335961
-0.3473006
0.1353755
-0.9015296
1.542556
0.682171
0.6825616
0.9187462
1.424942
-0.7281316
0.7032111
0.1903327
0.6343196
0.4764904
1.730235
0.4827034
0.272032
-0.4245212
0.449168
-0.354356
-0.2529334
0.3490172
-0.4780164
1.180455
0.2731391
1.18526
1.349319
-0.5197362
0.5161936
-0.6243261
-1.057722
-1.106927
0.0546336
0.4549457
0.8038723
-0.4126896
-0.6868036
-0.9617404
-0.3930426
0.7836842
0.2792168
0.8463629
1.053648
1.18727
0.1262832
0.8253709
0.8595148
1.153008
-0.009207524
0.7395946
-0.2314258
-0.7133479
-0.9480931
-0.7556927
-0.7076384
-0.3245082
-0.4660579
-1.101063
-2.247083
-1.330294
-0.7074662
-1.6386
-0.7747142
0.8254339
-0.01087962
0.3858212
0.06014903
0.1859214
-0.112493
0.9662858
-0.1345039
0.360125
-0.555882
0.140417
-0.3423741
-1.231737
-1.147269
-0.7882074
-1.209189
-1.208287
-1.252649
-1.446759
-1.991453
-2.108104
-1.891616
-2.0361
-2.543618
1.53022
0.422528
1.506726
1.277865
0.9674055
1.445244
0.775534
2.432871
1.541978
1.029019
2.082546
1.742307
0.9416747
1.047904
1.188584
1.030526
0.7879897
-0.2384764
-0.2627229
1.043319
1.275275
0.796243
2.274933
1.643915
0.5115263
0.8705738
0.03655073
0.4429014
0.6680204
0.06779716
-0.5144053
0.4087836
1.038237
0.7059268
-0.541903
0.3799008
1.207622
0.206894
-0.02421256
-0.2337794
0.5950831
-0.127453
0.8952535
0.7362251
1.178658
0.4376746
0.7022626
0.3091527
-0.5909929
-0.3264025
-0.8428891
-1.259351
-1.831073
-0.7466954
-2.383629
-2.544331
-0.9306856
-0.274636
-0.8535718
-0.4591136
-0.8429762
0.1845206
-0.2152965
-0.2787243
1.201367
-0.2691899
-0.6655042
0.1088264
-0.4311154
0.108202
0.5978026
0.6429188
0.01715135
-0.6477274
0.2715501
-0.04881156
0.1946266
-1.46328
-0.9788708
-1.557031
-1.37445
-0.1295935
-0.2927796
-0.09994192
0.3162366
0.093183
-0.8211989
0.7274354
0.6969063
0.2664155
1.339822
-0.5802125
-0.4622751
0.6369011
0.07198944
0.8648297
