-1.618493
0.8089111
-1.179232
-0.7342812
-1.500678
-1.649811
-1.893996
-2.046741
-2.072449
-1.475561
-1.850734
-1.598121
0.9032107
0.2126031
0.4529833
1.042401
0.4143267
0.5253456
0.2904398
0.4710606
0.8693168
0.4810782
2.279619
1.380561
-2.152268
-1.918664
-1.198039
-1.379016
-1.24853
-1.483209
-1.099549
-1.414739
-0.9681871
-1.500881
-1.988747
-1.027285
0.9852589
-0.2727221
0.01761956
0.6283702
0.3894207
-0.186546
-0.6076633
-0.4426212
-0.3049281
0.405937
0.5183167
-0.5096506
-0.1854398
0.1238827
-1.135006
0.5464503
0.07813314
-0.1390716
-0.2203342
-0.3793001
0.01082232
0.3684027
0.2899383
-0.1938827
-1.878566
-0.7715064
-0.3605507
0.5181569
-0.4092532
-0.4790432
-0.5240389
-0.5693101
-0.8316193
-1.023125
-0.2928356
-1.004641
-0.1863798
0.7769135
1.171701
1.607891
0.7688968
-0.1192052
-0.03494128
0.1202879
0.249281
0.9089864
-0.03185764
-0.5951382
1.427768
0.5210174
1.128559
1.229241
0.321366
0.4018617
0.320525
0.4795689
1.038209
0.7885373
0.1427266
0.6900181
-0.6998311
0.3965594
-0.1733299
-0.6530881
-0.6300973
-0.9214712
-1.102608
-0.7974933
0.1039949
-0.4869816
0.3160701
0.2275646
0.7913107
0.2179394
1.232581
1.289101
-0.02858988
0.01405219
0.0604435
0.2036147
0.4628808
1.218068
2.101536
0.6956759
1.477387
-1.5034
-0.4092245
-0.4063205
-0.1486108
-0.260256
-0.4142792
-0.3833791
-0.5140626
0.2518834
1.281365
-0.06463869
0.08265392
0.9812827
-0.1135986
-0.8592011
-0.3718515
0.1511468
0.07879297
0.3000017
0.3417692
1.385754
2.668833
2.346541
0.7465183
1.636937
1.093068
1.32115
-0.04039588
-0.173111
-0.2374103
-0.269919
-0.1967364
0.9248768
0.9823722
0.8251247
1.199017
0.7568656
-0.4055556
0.4688225
0.1235861
0.1028112
-0.1533967
0.08955994
0.735314
1.847427
1.099968
1.256549
0.7685805
-0.2928016
1.128207
-0.2016444
-0.5508209
-0.6722359
-0.50561
-0.3299215
0.1611333
0.7924089
0.1847053
1.320806
0.2607047
0.05451453
0.2086529
-0.3780351
0.04288192
-0.8591635
-0.9862232
-0.4752643
-0.2071596
-0.4235463
0.991689
0.1731233
-0.1179823
-1.705773
-0.205506
-2.301576
-0.6787836
-0.6122785
-0.6329639
-0.6556232
-0.7769283
-0.4584905
-0.5144354
0.5904847
-0.6332296
-0.7841284
-1.342799
-1.002869
-0.3145417
-0.2597221
-0.4384178
-0.4520466
0.4243675
0.5439291
-2.314178
0.0005384411
0.5299312
-0.6680204
-2.303652
-1.289734
-1.031209
-1.183433
-0.9045089
-0.7441444
-1.207209
-1.139322
-1.067377
0.2237244
1.484772
2.586215
0.6995103
0.8455446
1.190927
0.4266652
0.5413603
0.624245
0.8668288
1.727095
0.6356366
1.274226
1.639618
1.278938
0.9180205
1.462158
0.9617919
0.6078203
0.6404845
0.5725879
0.5994042
1.215347
0.6732517
0.6385458
1.53775
0.05206351
0.521664
0.9024317
1.192981
0.8416826
0.9700291
0.9528005
1.311744
1.113423
1.303298
1.213158
-0.396339
-1.122524
0.4627259
0.3948831
0.06241838
-0.345536
-0.5534022
-0.3650953
-0.4380973
-0.2103176
-1.070638
-1.375982
0.7661688
1.767541
-0.9729536
0.5665114
0.2008465
0.03210898
0.4819969
0.3729132
0.4174235
-0.3604791
-0.2667536
-0.436186
0.6002129
1.821152
1.237804
0.4117691
0.2118427
0.7573135
0.6320693
0.493632
0.2008639
0.204836
0.6168876
0.7699479
0.05619301
1.049803
0.05682892
-0.733089
-0.3470449
-0.3072145
-0.1322705
-0.3766235
-0.301605
-0.254459
-0.04073278
-0.4888487
-1.134331
-0.9187806
0.8186331
0.6653652
-0.2230362
0.3017243
0.5499077
0.5094462
0.2936534
-0.05843399
0.02095877
-0.8153539
-1.548002
-0.7987803
0.2547669
-0.299389
-0.3926264
0.1279765
0.3158936
0.5426497
0.1259078
0.1065134
-0.6983912
-0.2839661
1.181501
1.334744
1.132834
-0.33824
1.230605
1.098789
1.002897
0.9692799
0.8350924
0.06210468
0.7592661
0.8489594
1.006324
0.7254734
1.070955
0.4583554
0.5216374
0.9464459
0.8804665
0.6799974
0.2743724
0.3660958
-0.02762586
-0.01279697
-0.4481233
0.7784427
1.026642
0.8381644
0.1105909
0.3726783
0.2035668
0.2463537
-0.02022066
-0.6832553
-0.5186863
-0.2808151
0.06077615
-0.374568
-0.5370269
-1.344036
-0.922314
0.07431398
0.07954003
-0.1071193
-0.503709
-0.9031401
-0.5660106
0.07398647
-0.6358567
-0.1334025
-1.6782
-0.7321295
-0.2029499
0.07660925
0.007475557
-0.05670479
-0.4266196
-0.6497302
-0.1155677
-1.086891
-1.536554
-1.713614
-0.6513601
-0.7382359
-0.4680727
-0.3492494
0.020293
-0.06639916
-0.683019
-1.03497
-1.485563
-0.8501608
0.03086753
1.985887
1.12016
0.2496266
0.680433
0.679054
0.8232512
0.6797019
0.3264107
0.5906382
0.4523906
-0.4084508
-0.3018489
-1.634129
-1.267399
-0.3699554
-0.06293067
0.719206
0.5381548
0.1751655
0.07518897
-0.389062
0.142587
-0.505421
-0.8377667
-0.9095302
-1.555668
-1.425642
-0.2640372
-0.6038815
-0.3599993
-0.3207561
-0.6243376
-1.262215
-1.599888
-0.7251188
-3.703342
-3.486778
-2.495927
-1.976476
-1.798737
-1.091328
-1.109041
-1.143806
-1.705506
-2.993989
-3.95533
-2.475868
-0.9459378
-0.883346
-1.037602
-0.4947465
0.7271727
0.817575
0.762171
0.6059608
0.2588249
-0.4271913
-0.9461338
-1.49095
1.085341
-0.2507119
3.050569
2.056099
2.310939
2.589206
2.740416
2.400632
1.954975
0.6480957
2.169281
2.020746
