0.6955929
0.6451396
0.4723119
0.1634202
0.3817642
0.4462781
0.5939786
0.4775674
0.8789673
1.065064
1.071094
1.715288
1.52204
1.195125
0.7953409
0.616861
0.3895694
0.8374016
1.038906
1.59758
1.021802
0.649771
0.4017896
0.809503
1.418442
1.389511
1.785537
1.409079
2.05086
2.040889
2.37131
2.58099
2.953925
2.764767
1.527395
0.974569
-0.8959256
-1.140056
-0.8794951
-0.7133431
-0.4754516
-1.043411
-1.124465
-0.7011582
-0.8557199
-0.3903913
0.268275
0.4849059
0.1772945
-0.151305
-0.7544575
-0.8437672
-1.744008
-2.262522
-2.196321
-1.879395
-1.483493
-1.970448
-2.603594
-2.524458
-1.308966
-0.6741292
-0.48278
-0.4724012
-1.33854
-1.712324
-1.40725
-1.47648
-0.6569927
-1.092198
-1.145245
-1.08471
0.1251032
0.2211623
-0.7338727
-1.247764
-0.8610445
-0.4988347
-0.7212653
-1.151971
-1.604039
-2.311802
-2.183705
-2.046755
-0.5613157
-0.3542859
-0.1538756
0.07459099
0.83456
1.167691
1.160239
0.8414733
0.5408824
-0.0325861
0.2438027
-0.4053118
0.3935872
0.4437255
0.4061033
0.3192492
0.634205
1.758043
0.7067658
0.4873421
0.5324695
1.018118
0.7363564
0.5827701
0.4939322
1.607314
2.29564
1.722018
1.36627
0.8052254
0.8050296
1.145368
1.705876
1.829855
1.240165
1.427994
0.3416049
0.6314255
0.6247848
0.8605609
0.6295689
1.112355
0.2954022
-0.225428
-0.6161901
-0.1697949
0.119479
-0.2839335
-1.593885
-0.8272502
-0.3971003
-0.2203736
-0.1127211
-0.2902107
-0.06713971
0.05469372
-0.2917687
-0.7102174
-0.3084075
0.4023686
-2.001515
-2.55145
-2.907396
-2.583612
-3.228697
-2.423376
-1.96729
-1.112861
-1.94905
-1.739583
-1.819434
-1.394874
-0.9304313
-1.719598
-1.418312
-1.409407
-1.761145
-1.600855
-1.34167
-1.111589
-1.465319
-1.275912
-1.781811
-2.43771
-0.2314598
-0.205582
-0.1262812
-0.6772746
-0.4427827
0.05326197
0.1817549
-0.009211137
0.2814295
0.6423286
0.07388586
-0.9155987
-0.1136762
-0.005098474
-0.08044811
-0.1619539
-0.5167392
-0.3006668
-0.4862216
-0.7742175
0.1109968
0.05286501
0.03310821
-0.5363607
-0.05481946
0.3157628
0.776017
1.059051
0.8755652
0.4753872
-0.1451363
-0.09955528
-0.1501749
-0.9866033
-0.656126
0.3966572
0.4434994
1.041552
1.248794
1.444975
1.046735
0.9620494
1.398129
1.242814
1.385749
1.006174
1.121869
0.611675
-1.663315
-3.052423
-1.855324
-0.333517
-0.2585556
-0.4944286
-0.4843527
-0.1356781
-0.1567292
0.4139985
1.041453
1.346668
2.45267
2.848276
2.965981
2.687771
1.839494
0.9369773
0.9525189
1.481843
1.875424
1.509811
0.5733021
-0.3069767
-1.85665
-1.74935
-1.36126
-0.08686861
-0.0178103
-0.2673405
0.1812267
-0.185697
-0.236455
0.1941961
-0.2246842
-0.8383106
-0.02627146
-0.2379448
-1.036095
-0.6304972
-0.09476476
0.04393615
0.07644363
0.494734
0.4642041
0.2794461
-0.3400133
-0.01370072
-0.729763
-0.9489819
-1.151605
-0.4569247
-0.2554045
0.4118909
0.6290801
0.4165419
-0.05501736
0.5370107
0.5329223
0.3063508
0.1490386
0.06472507
0.2831645
0.2805687
0.0276171
0.1739337
0.2357449
0.01392387
-0.06511465
-0.2288603
0.4129564
1.076665
1.545124
1.276918
0.7741629
0.5361968
0.08979493
0.3927549
1.308004
1.469013
1.313756
1.049778
0.6365772
1.545724
1.011706
0.5205589
0.3153706
-1.005273
-0.07171735
0.09457877
-0.5824231
-0.9936464
-0.9982588
-0.6063266
-0.9323905
-1.201552
-0.1343679
1.128625
1.159132
0.9623064
0.779404
0.05928984
0.01799838
-0.1040163
-0.2839831
-0.5133153
-0.1376687
0.1345796
0.8458869
0.619973
0.241209
0.5476965
0.8450587
0.3728438
0.5205907
0.3004624
0.8796867
0.3851501
0.04724719
-0.5920425
-0.9292049
-0.9827062
-1.062975
-0.7731369
-0.326458
0.3062894
0.223744
-0.1114605
-0.4171523
-0.3821347
0.1867263
0.01021122
-0.6614555
-0.2099653
-0.4552507
0.1815725
0.492101
0.1601385
0.02282858
0.2487037
0.01275863
0.156445
0.5860074
0.3637842
0.02490221
-0.0832756
-0.3273908
-0.2435298
-0.271739
-0.5990263
-0.6251491
-0.8984264
-0.8301406
-0.6124458
-0.2186314
0.519552
1.409783
1.16244
1.645489
0.878307
0.3119067
-0.3787411
-0.3342836
-0.1925062
0.105246
0.6096103
0.03724826
0.09080365
-0.1405761
-0.3130912
-0.2318867
-0.5654267
-0.2492975
-0.4969333
-0.05341893
0.005164458
0.2678713
0.6536134
0.2246332
-0.154045
-1.072225
-0.6335381
-0.6405738
-0.8270012
-0.9507608
-0.5181017
-0.7122147
-1.221389
-1.254153
-1.233972
-0.1857918
0.5500427
0.1881995
-0.01664208
-0.3047702
-0.2038657
-0.2873385
-0.3789944
-0.6233336
-0.8666807
-0.692786
-0.4363066
-0.2648623
0.06656981
-0.6171792
-1.51733
-1.304703
-0.8391491
-0.5223006
-0.2730664
-0.3768974
-0.1567882
-0.5095022
-0.4999812
-0.09434819
-0.7190859
0.6238906
0.4127438
0.6935456
0.4353026
0.2920266
0.4407339
0.6858319
0.4681923
0.6800537
0.8479794
0.7913432
0.7705639
0.7756261
1.314406
1.168124
0.6312181
0.9966187
0.841435
0.4212885
0.2063516
0.297271
0.2974109
1.084762
1.201556
0.6015953
0.2930307
0.3106172
-0.1596079
0.1615927
0.05302288
-0.2424337
0.02195374
0.2505137
0.2974043
0.6625998
1.355437
0.4832557
0.4042076
-0.1667189
-0.2644278
-0.2018048
-0.3890593
-0.3529908
-0.2011203
-1.078533
-1.195609
-0.9230817
-1.489552
