2.010737
-0.3327644
-1.349334
1.633269
-0.2690851
-0.2879539
0.3916076
-0.2489489
-0.9805446
-0.2133633
0.9815152
0.563903
1.092357
-0.2997194
0.5113323
-1.916372
-0.9071214
0.5143654
0.1777558
1.223727
-0.8018354
0.7513532
-0.2764753
-0.6470216
1.289529
0.2704777
0.5545701
0.5683618
0.6258481
0.2646877
0.314668
-0.1119706
0.5508838
0.2103591
0.5397646
4.077392
0.8438929
-0.3385096
-1.276193
0.003790182
-0.6101955
0.9384936
-0.9597168
-0.3197628
-0.9345331
0.2654176
-2.76031
-2.467304
-1.317312
0.2458871
-1.626906
0.3693841
-0.1127134
-0.6350672
-0.6058607
-0.4456797
0.8522612
-0.646717
0.5703247
0.4056968
-0.1691595
-1.508606
0.9888581
0.01883521
1.034936
0.4709565
0.9993289
0.5845402
0.1631574
-0.5260271
-0.436081
0.0528377
1.306879
1.586613
1.872408
0.1490932
0.4725383
0.5830144
-0.3506218
-0.1805444
1.127614
-0.7764362
1.320545
1.074231
-1.080791
2.824217
-2.58143
0.9553117
-0.9055039
-0.2866849
-0.1467869
1.509579
0.9279837
-2.167114
-1.5458
-0.8422573
1.095282
0.5940087
-0.05833832
-1.562333
-0.02849803
-0.04975765
-1.025128
0.2920477
1.034152
-0.7797233
-1.481555
0.8106179
0.3069211
1.026467
0.8105052
1.54036
-1.274153
-1.048576
0.1177921
0.5056915
1.408212
0.5406523
-1.077604
0.667867
-0.09663051
0.9228535
-0.6967261
0.7924266
-0.6071255
0.01372444
-0.1165244
-0.5269818
-0.7635347
-0.1227776
0.9956622
-0.4656154
-1.830957
-1.22061
-0.1413271
-0.1246116
0.5443056
0.6692891
-0.5154798
-1.056898
-0.3535289
0.2051655
1.884656
-1.656809
-0.7231283
-0.7160562
1.6966
0.1370578
-0.7677534
-0.2738458
-0.3941841
-1.372058
-0.6442856
1.359062
-1.230924
0.1087303
-1.729889
-1.945636
-1.567573
-0.7863416
1.500534
-0.239854
-0.314863
-0.1229607
0.2915883
2.22451
-0.8074121
-0.2722105
0.8956907
-0.5035107
0.1130736
-0.921751
0.3101752
-0.05509193
1.453845
0.3703349
1.236496
1.58371
-0.4095284
-0.8441309
-1.269108
0.1868773
-0.8261302
-0.9232793
0.007100888
-0.7420613
-0.5293365
1.060362
0.6630095
1.018128
1.534967
-0.2816885
0.280985
-0.2563514
-0.3237424
0.4075018
-0.00504944
-0.5104291
-0.6507002
-0.1660253
-0.5250928
-0.2062246
1.647528
0.8621349
0.8733259
2.421912
1.326186
-0.6726463
1.120071
0.009909093
0.03062248
0.007857608
-0.5183558
-0.9145753
0.02298548
2.109391
-0.8317398
-2.369296
-1.474503
0.5572188
0.4494494
0.292033
-0.637544
-0.4852907
-0.3231102
0.346625
1.174675
-1.269438
-0.5303121
-1.495518
0.1856299
0.1379867
-0.8313598
0.4264945
-0.5933078
0.05238601
1.370671
-1.292225
-1.01432
-0.905628
-0.3526406
-0.4911365
-0.3476848
0.08256999
-0.4603993
-1.884709
-1.030831
-0.7931439
-0.3441346
-1.133647
-1.455197
-0.38015
0.8361039
-2.264529
-1.251595
0.3612762
-0.1529117
0.9705603
0.4894969
-0.02979937
0.551666
-0.8431609
0.2561584
-0.1911939
-0.6148628
1.497229
1.1948
0.5479095
0.3673761
0.5199605
0.1842262
0.1485419
0.5862244
-0.3124212
-1.145491
1.794353
-0.6945107
-0.7830497
-0.251895
1.029579
0.8794695
-0.6550343
-0.1686503
0.2400333
1.753303
1.121176
-0.6942396
1.024017
0.9281693
-1.619516
-0.5766107
0.8129302
0.489911
-0.07841648
1.229081
0.323422
-0.5412192
0.5649388
1.063818
0.8384839
-0.8938573
-1.715487
-0.5345372
-1.217991
-0.3175162
-0.2185013
-0.3210506
0.5972202
-0.9079725
1.235209
0.918344
-2.042323
0.07825836
0.7422548
1.974579
0.04682126
0.05547593
-1.03969
-0.05589376
-0.1865687
-0.1878729
0.8225864
-0.6501219
0.3758256
-2.182992
2.87643
1.428242
-2.294578
0.8705299
-0.63467
-1.025483
0.3518858
0.3900495
1.702122
-1.40944
-1.442443
0.2517023
0.4942621
-1.276002
-0.9328392
-0.4421993
0.9484128
0.2156466
-0.434607
-0.06480623
-1.854207
0.04958808
-1.902894
0.7187199
-0.3243923
0.09299273
2.155172
1.101283
0.9927984
0.3002733
-0.8533888
-1.248506
-0.4595857
-0.4929055
0.4791737
0.006652411
0.944254
-0.7682652
0.2307328
-0.4766639
0.1682328
0.1959989
0.4357276
-2.14502
-0.6642968
0.829286
1.795792
0.6077109
1.061335
0.9774848
0.8395733
-0.7838776
-0.871632
-0.06558236
0.04385794
-0.771074
-1.089884
1.952849
1.919092
1.678015
1.644992
0.5458434
-0.7862644
-0.01247817
0.846387
0.8624547
0.7404433
-0.1845468
-0.1519008
0.09743179
-0.1832441
0.08900866
-1.214124
-0.8724166
0.1741557
0.8025319
1.41541
0.8005818
1.27599
-0.1995018
1.057905
-0.7021428
1.265057
-2.029944
-0.5769175
2.782245
-0.1437108
0.158
-0.7003161
-0.2905938
-1.952571
-0.163678
1.227093
0.5050921
-1.418035
0.4872093
-0.4294599
-0.4684937
0.3822063
1.225039
0.7425284
0.306761
0.5901086
-0.4084272
-0.4657642
-0.5005747
-1.748515
-1.112251
-0.9424505
-1.995248
-0.8222661
-1.918995
0.17444
0.8761102
-0.110187
0.6262989
-1.28593
0.01976577
-2.164603
0.8384408
0.07367276
-0.4098527
-0.3268784
0.003103868
0.5676981
0.8707356
0.3910291
0.2709119
-0.1413811
-0.08967119
0.1282322
1.461479
0.7443818
0.7528374
-0.5363289
0.7047502
-0.293192
-0.1285413
-0.5656244
-0.5319221
0.186791
1.693927
-0.017613
-0.2856594
1.377835
3.015733
0.1407677
-1.774359
-1.002467
0.08951528
-0.8449748
-0.3671988
-0.5232857
-0.06994261
0.5578067
