0.7276042
0.5031157
1.679333
0.1045529
-0.3433059
1.230453
0.6419768
1.148065
0.5833909
0.439345
1.16157
-0.07250671
-1.132774
-1.000038
-1.015004
-2.112013
-1.015304
0.1487295
-1.418348
-1.270941
-1.799301
1.407081
-1.831317
0.8521755
0.8140572
0.285062
1.624712
-2.105983
0.3433369
2.064017
1.117517
-0.5605876
-2.350994
-0.6293504
2.281557
0.71314
-1.351047
-0.8041715
0.4249697
1.277601
-0.9627677
0.9904884
-0.03144116
0.1061305
-0.1472051
-2.015587
0.05240429
-0.2806298
-1.186861
-1.277505
0.9184638
1.382449
0.4225473
-0.8764837
1.862759
1.51075
-0.1667537
2.242895
1.173785
0.7424561
-0.6369544
-0.2426959
1.274814
0.5580956
-0.1060523
0.3081447
1.363022
0.4805737
1.221598
-1.680552
0.5277327
1.018368
-0.1178058
-0.5372277
0.1310031
1.394868
0.8088566
0.7765465
0.3965198
0.3636662
1.119508
0.9105126
0.9873638
1.710518
0.2744213
0.8051793
-0.4142236
-0.210466
-0.860298
-0.5014727
-0.8203732
-0.6977312
-1.096231
0.7732316
-0.8090115
0.01348307
0.3247625
-1.108147
-0.5038453
-1.005054
0.5459636
-0.6086546
-1.231457
1.213386
-2.549094
0.7267206
1.212234
0.4318618
-0.5931818
-0.3674668
0.3612289
0.5914969
-0.4225656
-0.2174205
-0.5436612
0.1748485
0.8313099
-1.247385
-0.3134479
-0.1990585
0.5333459
0.5651008
0.6524598
-1.177199
1.740677
0.3886597
1.300151
1.594779
1.286577
0.351225
1.533061
-0.6565453
-0.2069313
1.830076
0.2932769
-1.193258
-0.7336581
0.1034487
-0.255796
0.03164019
0.5216872
1.100164
-0.4104935
0.1554371
0.1534876
-0.2148554
0.2064093
-0.4163981
-0.9999376
-1.500891
-0.009723366
-0.8285561
0.9653734
-0.9183456
-1.402094
-0.8990741
0.4757226
-1.838606
-2.832478
-0.1298028
-1.17185
-0.1883238
-0.792583
-2.038533
-0.4728561
0.6538593
1.227908
0.1536547
-0.8387544
0.4940664
-2.411443
-0.5346964
-0.2008774
-0.5414698
1.869169
-0.921989
0.0675974
-0.3088137
-0.2250859
-0.3927183
0.2608975
0.4311674
-0.8874432
0.0239756
-0.9689195
-1.103918
-1.917259
0.5845508
-2.405628
-0.808841
-1.44824
-0.8300308
1.478159
-0.05847848
-1.597055
0.03272403
-0.3086939
-1.575338
-1.462604
-0.9052248
0.7506419
0.5025362
0.04520135
0.4291301
1.687333
-0.3187255
-0.3874261
0.8282306
-0.7419832
0.4228352
0.7295001
-0.7846117
0.7768611
1.003191
-2.352878
0.2523984
-0.7444041
-0.9154749
-0.772696
-1.14337
0.583112
0.01270029
-0.6932688
0.2845772
-0.4156792
-0.9720243
-1.543094
-0.4020153
0.1799628
0.5221425
0.03971862
1.460855
-0.7709611
0.2808723
0.5775637
0.8616161
-0.9531539
-1.139756
0.740931
-0.205829
0.9036714
-0.07654764
1.677556
-0.04217614
1.799692
-1.153031
0.6477695
-0.2946457
0.7934323
1.406303
1.88484
-0.0474163
0.6222787
0.636391
0.349289
0.8948936
0.7479942
-0.06447017
2.03434
-0.3091928
-0.9813576
-0.4884111
0.0305399
-1.115844
-1.208888
0.4486676
-0.132787
-0.3314888
1.82853
0.9450155
-0.9049023
-0.6795556
1.626369
1.724352
1.799381
0.9646229
0.1393515
0.4396646
-1.080942
0.7213824
-1.712021
-2.656599
-0.7458609
-1.528281
-1.759263
-2.32703
-1.786078
1.377033
-0.4389461
0.8905584
-0.04725981
0.7282127
0.758705
-0.1909927
1.133333
0.516704
-0.4976411
0.09181345
-1.425662
0.05717841
0.8291895
-1.848966
-0.6902508
1.269427
0.1800649
-0.1378796
0.49015
-0.5560864
-1.321701
0.08522482
0.9071216
-0.9926773
-0.3540573
0.9421117
0.6517464
-0.5895733
0.6997544
-0.4867607
0.1006914
0.445746
0.5491935
1.716834
-1.178221
-0.8308763
-0.07866944
-1.136097
-0.3288232
-0.1284796
0.5409971
-0.2591352
-0.5722515
-0.7139725
-0.2676139
-1.202184
-0.4733373
-0.8753106
0.6657718
0.2107246
-0.8321338
0.03560099
0.9087394
0.4621894
-0.6199721
0.126065
2.005045
-1.896947
0.3224785
1.126058
0.0768856
-0.4329989
0.2562345
0.08134843
0.711498
0.06452076
0.3774413
-0.6616868
2.585443
-0.7252371
0.7208691
-0.2273552
-0.1284462
-0.3344186
0.2598688
-0.3887782
0.1351674
-0.5046889
-1.738839
0.40319
1.256286
-0.04381659
-0.547253
0.1117845
0.0705125
0.5017074
0.2775218
0.07049654
0.9142548
1.6684
1.755972
1.218311
-0.3862678
1.862944
1.23912
-0.05006545
-0.8540776
0.992912
0.3853037
-0.7795815
1.365357
0.6041473
-0.9090671
1.058801
-1.522272
2.290912
-0.495505
1.035301
-0.5038271
-0.3819197
0.4672663
1.438556
0.4533498
-0.5868506
1.772901
1.204321
0.2944225
-2.054645
-1.452397
-1.030635
-0.2689488
0.7515937
1.492072
0.566022
-0.7241327
-0.1268637
1.56451
-0.1676915
0.4603202
-1.060945
1.050063
-0.7173288
-1.117662
0.07452822
-0.2357704
0.7370206
0.4830485
1.331526
-1.104728
0.08940962
-0.09630238
-0.9690805
-1.305672
-0.1243877
0.993295
0.309859
-0.1783016
-0.3450104
-2.225929
-0.5901786
-0.9202141
0.04183344
-0.3343433
-0.1191187
0.7128949
-0.4713862
0.5477826
0.9953976
0.6160291
-0.8948843
-1.705194
0.1361912
-2.833807
-0.4323043
1.711063
-0.2103311
-2.214341
-0.7332665
-0.8322211
0.5466323
0.14391
0.2002618
1.124725
0.6225502
0.9370293
0.6794271
-0.3358701
0.3317292
1.221131
-0.1676684
0.9442387
-0.1941805
0.2344867
-0.8202001
-1.091746
1.320026
-1.155606
-0.8163795
0.4036984
1.128334
0.2926112
0.06921288
