1.710258
1.995654
2.169245
1.21954
0.6889884
0.5448633
0.06360823
0.5254776
0.151586
1.080849
1.151382
1.687392
1.702024
1.516708
1.3292
1.087365
0.161421
0.0003590994
0.04060712
0.1632235
0.09628251
0.8199863
1.188821
2.125904
2.280676
1.710268
1.277623
0.5196601
0.1490627
-0.82184
-1.137056
-0.8215618
-0.1980853
0.1312023
-0.4592641
-0.4326715
-0.02962672
0.01307768
-0.5816143
-0.1800265
-0.1770478
-0.2793789
0.3618261
0.6827547
1.043371
0.8787717
1.033561
1.637929
2.197994
2.284324
2.094857
1.968919
1.186109
0.2046339
0.106528
0.8460033
0.66601
-0.4053673
-0.5143833
-0.2075838
0.3157972
-0.00195584
-0.3420559
-0.4641618
0.1563558
0.756012
0.8031799
0.8485828
0.3290045
0.338535
0.4839423
0.1023281
-0.4688226
-0.6457295
-1.355958
-1.055071
-0.8885683
-1.296943
-0.3341846
-0.2150376
-0.5507863
-0.5577395
-0.8010851
-0.9589874
-1.169973
-1.320534
-0.9827653
-0.9126095
-0.618574
-0.9101019
-1.265334
-0.8335145
-1.011048
-1.575391
-1.204687
-1.335278
-2.047199
-1.621008
-1.955943
-1.733807
-2.294919
-2.189978
-2.011777
-2.098361
-1.464679
-1.046519
-0.9440851
-0.6929476
-0.1134859
-0.4681789
0.1298481
0.004591893
-0.4838049
-0.516029
0.05067919
0.2920313
0.3796155
0.09744161
-0.8008028
-1.198149
-1.297306
-0.5221769
0.04545241
0.05744145
-0.2509325
-0.5386477
-0.4305489
-0.4335156
-0.2519066
-0.2324
-0.2949918
0.1830922
0.6707065
0.5055455
0.8428027
1.347981
1.005449
0.5535087
0.1078226
0.3364471
0.2920648
0.5152718
0.7746478
1.342888
1.85376
1.479002
0.3868515
0.2718464
0.4873089
0.6935359
0.8147876
0.9352624
0.5795353
1.364476
0.8230959
1.406325
1.192708
1.263948
1.279025
0.9250481
0.7915633
0.9239514
0.8337695
0.441699
0.4284942
0.131482
0.007918444
0.5096045
0.5685247
0.4545378
-0.5499662
-0.3068798
-0.8488607
-1.319275
-1.708909
-2.316598
-1.742109
-1.20812
-1.5177
-1.654671
-1.438186
-1.975949
-1.304908
-0.632705
-0.5394739
-0.761665
0.1442003
0.9571055
0.9627562
1.044133
0.9956184
1.171261
0.5646437
0.5375013
0.2782034
-0.5535859
-0.6666728
-1.038539
-0.6101384
0.08121186
-0.4495435
-0.4140138
-0.209228
-0.7559345
-1.098507
-0.5417057
-1.374129
-1.170665
-1.022107
-1.21685
-1.41791
-0.800684
-0.6975504
-0.8137072
-0.7489003
-1.026984
-1.608341
-1.338811
-0.9466841
-1.136333
-1.115973
-0.6897383
-0.04985673
0.1886328
-0.1927866
-0.3887775
-0.09758943
-0.07708502
-0.02035514
-0.8190789
-0.7048657
-0.6728356
-1.161836
-1.600794
-1.87442
-1.905246
-1.392415
-1.303569
-1.7226
-2.372819
-2.350837
-2.295016
-1.597633
-1.298982
-1.106071
-0.7574608
-0.5925452
-0.5758207
-0.4885069
-0.7232195
-1.233591
-1.228495
-1.261228
-0.8080043
-0.8725989
-1.183514
-0.9014016
-1.454801
-1.504035
-1.38117
-1.322182
-1.248705
-0.9425425
-1.269702
-0.9312969
-0.7673951
-0.4008955
-0.6525257
-0.8104502
-0.9862013
-0.1505755
-0.5484083
-0.3548952
-0.3034586
-0.379938
-1.258117
-1.09137
-0.3914435
0.4092896
1.067763
1.89501
2.405807
1.945449
0.8528599
0.4067041
-0.03804379
-0.3981418
-0.6015967
-0.2340147
0.7129061
0.5198089
0.3733377
0.5742445
0.8633501
0.5842996
-0.1863065
-0.09183624
-0.3438472
0.252765
1.32323
1.702065
2.157086
1.828858
1.892291
1.736088
1.872424
1.417908
1.547332
1.080648
1.444808
1.939323
2.743806
2.244766
1.841384
1.626314
1.532884
1.729483
2.012216
2.038447
1.196705
1.175808
1.016843
0.4218748
-0.03212243
-0.4502822
-0.8625912
-0.1070206
-0.05014336
-0.3274385
0.749045
0.7798836
0.7104336
0.7269459
0.7062397
0.8940792
1.456351
1.181424
1.248939
1.404279
1.627973
2.091016
2.154807
1.077374
0.7275891
0.9226902
0.8210869
0.5654238
0.1325982
-0.6354811
-1.126349
-0.3432054
-0.2570659
0.7262994
0.7311571
0.5509038
0.2540332
0.1988399
0.1927336
0.3144619
0.5505481
0.6716061
0.466948
0.4932774
0.1014833
0.4005273
0.5471735
0.1544557
-0.3002939
0.05432465
0.1851311
1.099631
1.678548
0.8335852
0.0971085
0.1285508
0.2511404
-0.0435843
0.2259921
0.1597154
-0.30156
-0.5683768
-0.7282833
-0.6094592
-0.6249036
-0.5674546
-0.7997825
-0.6679707
0.09788872
-0.1855721
0.3011728
0.2934137
-0.03678409
0.165886
-0.2107866
0.1279136
-0.9128152
-0.8736877
-0.1726498
-0.1039571
0.0737877
0.5152686
0.5555913
0.3442339
0.6722217
0.6441124
0.9715743
0.5869924
0.412405
0.249448
-0.2570922
-0.5905512
-0.8578933
0.1030004
0.5957312
0.4384587
0.407812
0.7977218
0.4742626
0.8869124
0.1356981
-0.02813896
0.2966846
0.5995567
0.2676302
0.5468263
0.9233359
0.8356523
0.7941622
0.6663322
0.5229105
0.8340511
0.7938897
-0.3693386
-0.2892168
-0.7612056
-0.7632229
-0.7656541
-0.6923367
-0.460852
-0.3104414
-0.2054857
0.1269986
0.5557981
0.8585057
0.5432768
0.5495514
0.6418133
0.3241704
-0.07673366
-0.6333147
-0.9311284
-0.75901
-0.8263915
-1.424002
-1.946565
-1.458249
-0.1862582
-0.129336
0.04024408
-0.1968061
-0.7065074
-0.6808552
-0.4574713
-0.5012023
-0.516503
-0.7359124
-0.752126
-1.698843
-1.461565
-1.366269
-1.497435
-0.5897087
0.2573138
0.8396648
0.9240817
0.6588814
0.2118196
0.3574759
0.02030138
-1.208575
