0.6069104
-0.4022258
-0.06051713
-0.5352349
1.058467
0.3263044
-0.5351659
-0.9580393
-0.9837175
-0.7610641
0.07216481
0.01576685
0.5429235
0.2027215
-0.3915218
2.283065
0.7606594
-0.4580635
2.347679
0.9417578
0.3586415
-0.8553667
0.5980173
-0.3881709
0.03377982
0.7819592
1.118023
2.000149
-0.003413471
0.02488839
0.1131128
1.744967
2.136358
1.785058
-0.9440026
0.1133519
0.6610343
-0.1149282
-1.754678
-2.301346
0.3409258
0.3789968
0.3585104
-0.6533538
-1.194361
0.5480723
-0.6700934
0.1160426
-0.1960228
0.5746472
-0.628036
-0.3421826
-0.6040452
-0.303892
-2.23319
-1.284675
-0.5246874
-1.981544
-2.007674
-1.077756
1.759078
0.7425352
0.8657824
0.05258991
1.482592
1.505134
-0.4090668
0.0462178
-0.6019062
1.856352
1.223871
1.476659
-0.06402242
-0.4266486
0.6514578
-0.6296762
0.03976199
-0.5257559
-1.238412
0.7408624
-0.9022022
-0.2008432
-0.07506554
-0.1633486
-0.5249687
-0.6835861
-0.0763634
-0.3254029
0.8812551
-1.87017
0.02020375
-0.1036397
0.009551901
0.4048424
0.2619539
-0.3732539
0.220565
0.03509183
-0.2387725
1.04566
0.2347774
0.4254693
1.489654
-0.4676009
1.756814
0.2314671
-1.450704
-0.2712176
1.312442
-0.5545582
-1.106693
0.3336109
1.949743
1.250222
0.1379011
0.3656617
-0.1724446
1.328438
1.026904
0.3790934
-0.4870306
-0.4225118
-1.107634
1.388833
-2.447908
-0.9921386
-1.113232
-1.280436
-1.205095
-0.7321233
-1.871974
-0.01023263
0.1410132
-0.157327
-0.4900899
0.6118025
-0.3593509
-1.571785
0.4142397
-0.1702564
-0.3169039
-1.124442
-0.8864808
-0.4744778
-1.073459
-0.4574608
-1.068607
-0.8024804
0.6088974
1.183578
0.8700401
-0.91461
-0.9808827
-0.03919539
0.7752922
0.3306073
-1.312523
1.181226
1.701848
0.4625652
0.9407789
0.5074703
0.6710962
1.276208
-0.9155359
-0.8751658
-0.06433984
-0.9480394
1.266053
-0.1760429
1.383847
0.3301633
-0.1767032
-0.7094394
-0.9645463
1.134577
0.004420797
0.3330935
0.140047
0.4038315
-0.09275448
-0.2051704
0.4573251
0.3046813
0.976956
1.943579
1.059196
-1.127131
0.843805
0.2298021
0.9071584
0.4137211
-0.3274906
0.002115567
1.356111
-1.120198
-0.3372218
2.321965
1.315376
0.8810985
-0.07820266
-0.785996
0.2572086
-1.262984
-1.00869
-0.513458
-0.1432056
-0.360233
-0.04711343
-0.7341278
-0.1076258
0.3723968
-0.7204593
-1.505573
0.8131565
-0.2908103
-1.129696
0.1830453
-1.159236
-1.676944
-1.623945
0.3324642
-1.312468
-1.982304
0.1723846
-0.179832
0.7744349
-0.1041332
-0.3726704
-0.5797824
-0.3368995
-1.48364
1.156001
-0.4075967
-1.859607
-0.6058849
-0.009034755
0.1621783
-0.7278676
-0.09263037
-0.9545323
-0.7462414
-1.461693
-1.392209
-1.747953
0.6691436
-1.528189
-0.05520561
-0.1947426
-1.002699
-1.964051
-1.748107
-0.2616977
0.1996865
0.892635
-0.1995804
0.1357693
0.4933779
0.05249111
1.856263
1.896854
1.150255
1.150642
1.504256
1.043573
0.06489709
0.249968
0.6661709
-0.5992678
-0.4354666
1.709238
-1.139886
-0.007040304
-1.202394
-1.228837
-1.156637
-0.2360045
-0.2579712
1.332774
0.07593931
2.458765
2.08205
0.9798041
2.006909
1.702103
2.358769
0.9804553
-1.396404
0.184534
-1.176173
0.04905416
0.6486256
-0.4545313
-1.056962
-0.8022576
-1.090868
-0.6635516
-0.6565456
0.3360804
0.5742103
-1.009494
1.599662
0.6240038
0.02025642
-0.02893271
0.2728996
-1.509674
0.1914599
0.9842488
0.5694904
-0.9316202
0.9963586
1.397503
0.03577056
-0.4643111
0.4482003
-0.7275153
0.8402304
0.1886897
-0.7607171
1.142994
-0.0419706
1.945781
1.985305
-0.4350114
-0.1024553
-1.151346
-0.3539857
-2.431933
-0.3820868
-0.9370984
1.25067
-0.1824264
-0.2496504
-0.476011
-1.228848
0.6057491
0.08812288
1.678381
0.61307
-0.1794923
-0.5241715
2.121962
0.1079598
-0.2446597
1.303993
0.3602196
-0.4864709
0.2204973
-0.6023918
0.3575045
0.1513421
-0.8668032
-0.3478215
-0.6288533
-0.05073068
-1.311626
0.3239382
-0.3049584
-0.02645466
-1.078034
1.278268
-0.145547
0.3742591
-1.680566
0.7700744
2.892357
-0.8309245
-0.8185114
-1.576008
-0.06706291
-0.5745283
-0.6534181
0.2955088
-0.8990259
-0.3973989
-1.184052
-1.964416
-1.659134
-1.147397
-1.021589
-2.023782
-1.546457
-0.4784101
2.023642
0.3187166
1.066012
1.969135
-0.1275728
1.253507
1.952925
2.683156
2.445768
0.5577481
1.646306
0.946718
0.103752
0.3626866
0.4016775
0.2655487
-0.01294594
0.1894342
-0.9769363
-0.05826413
0.8948467
1.563086
2.052185
1.803179
0.1047923
-0.114542
0.02569578
-0.9971588
1.596384
-0.3376248
-0.5226313
-0.07668095
0.400522
-0.08208036
-1.143757
0.8582901
0.3305714
-0.2470219
-0.3912893
-1.264594
-0.1370254
-1.409079
0.7417163
0.1738325
0.8171912
-0.1162723
0.2053131
0.512551
-1.506638
-1.176562
-1.068685
-1.067953
0.3142666
-1.502096
-1.765018
-1.63804
-0.3890445
-0.5805346
-1.501308
-0.6760159
0.2479365
0.2111461
0.01758034
0.7817132
1.554062
0.2833473
1.362528
1.603163
-0.317927
1.067602
1.888817
0.8398389
-0.1110581
0.1962101
0.9140275
0.6749793
-0.8080371
-1.520071
-1.21895
-1.276997
-1.370171
0.08002328
0.1771958
0.01116592
0.1004511
0.8213161
-0.9534125
-0.2193076
0.1162119
0.005267221
0.517092
0.2769258
-0.4726523
0.6731271
0.2099954
-0.1239635
