0.6926037
0.2692814
0.7428439
0.4869583
0.9038169
1.229664
1.033935
0.3537011
0.08389489
0.02151109
0.2751353
-0.4133283
-0.1917907
0.0009715204
0.1532082
0.2431449
1.084751
0.9170381
1.095248
1.791204
1.414537
1.527571
1.349525
0.6689292
1.305837
1.60892
1.352832
1.954601
2.380648
2.646325
1.861467
1.452908
1.289423
1.349587
0.9541578
0.7121442
-0.1655429
-0.1752758
0.01781597
-0.3798059
-0.4138805
-0.4399459
-0.5733328
-1.035777
-1.271379
-1.844127
-2.440459
-2.659271
-2.425343
-2.303956
-1.374691
-0.2817417
-0.07257741
0.2355764
0.2390188
0.2575487
0.3620437
0.1049487
-0.008850277
-0.1152229
0.04409684
-0.6258345
-0.08598526
0.2190124
-0.9247584
-1.463752
-1.833912
-2.3443
-1.295233
-0.3946856
0.5291208
0.840319
1.117019
0.7666264
0.6216402
0.6003528
0.3276707
0.2157203
0.2479385
0.1976119
0.5594129
-0.1680599
0.4777535
1.205379
1.149334
0.681208
0.117771
-0.1507814
0.2697749
0.6540389
0.7436779
-0.1861876
-0.875273
-0.500302
-0.3894599
-0.6606724
-0.7561167
-1.115381
-0.5188221
-0.3380048
-0.3440531
-0.8180562
-0.5427893
-0.2948518
-0.8077726
-1.27943
-1.289549
-1.454605
-1.438016
-1.246378
-0.7513194
-0.2368399
0.5250641
1.014417
1.660319
2.200243
1.92291
2.435034
2.186845
2.303693
1.917635
1.394969
0.8222447
0.5445535
0.3267986
0.2782939
0.4072678
0.2960664
0.2518474
0.2655462
0.05608575
-0.2849356
-0.6924166
-0.5225499
-0.8018129
-1.04347
-0.8488197
-0.7054878
-0.3385512
-0.9555089
-0.4265765
-0.8318689
-0.5703217
-0.5122696
-0.9190254
-0.7617238
-0.3231698
-0.3396042
-0.2896087
-0.03919713
0.1206721
0.3666287
0.1890968
-0.7689208
-0.5927057
-1.583752
-1.859359
-1.498961
-1.276049
-1.073854
-1.303049
-1.195414
-0.5348492
-0.6538752
-1.084551
-0.7453045
-1.037335
-1.224507
-1.721585
-1.76692
-1.634696
-1.124859
-1.203551
-0.4754909
0.02802792
0.5487309
0.03625797
-0.716725
-0.4578421
-1.025245
-1.07633
-0.8583247
-0.2817214
-0.2236782
0.02398349
-0.8150913
-0.7946113
-1.317472
-1.094964
-0.9710007
-1.55556
-1.516496
-1.245238
-0.8625046
-1.042035
-0.3920437
-0.4845325
0.007556903
0.0155373
0.6075394
1.165467
0.51674
0.5621865
1.032307
1.180622
1.115206
0.7230318
0.82077
0.8825961
0.6455981
0.5257308
0.09317893
0.3456873
0.1115251
0.1480218
0.5311579
0.1087427
0.1496879
-0.2901062
-0.4992079
-0.596462
-1.386153
-1.791484
-1.897095
-2.24126
-2.16977
-2.134359
-1.752579
-1.267327
-1.012182
-0.3995805
-0.02318122
0.5033792
1.995238
1.437872
1.558026
0.7847289
0.7509145
1.109437
1.12961
0.7739874
0.6715771
0.9406576
1.005997
0.663561
0.6800897
1.067303
1.162666
1.087635
1.342838
1.253447
1.048959
0.7886043
0.4567388
-0.1961968
-0.1424104
-0.1662853
0.2214792
-0.1727835
-0.1296624
0.2320668
0.3768373
0.4673807
-0.3015968
-0.5848641
-0.512527
-0.4415901
-0.4933074
-0.8434853
-1.277772
-1.219607
-0.5273907
-0.7571295
-0.5763697
-0.6709978
-0.059232
0.6021339
0.2600763
0.3440964
0.1879208
-0.02562944
-0.3747685
-0.6839066
-0.6252437
-0.3242393
0.05926597
0.121822
0.03195072
0.1366418
-0.06565888
0.2554721
0.5267954
0.817718
0.3330628
0.5786052
0.3032804
-0.1063255
0.06805582
-0.2087086
-0.1374669
0.1599588
0.879445
0.3759285
0.1054696
-0.8699409
-1.15024
-1.4093
-1.630874
-1.21039
-0.6085474
-0.5584293
-0.3483203
0.4154221
1.017005
0.90486
0.2524371
-0.1675652
-1.14826
-0.7143748
-0.5810251
-0.561594
-0.4162232
-0.1370315
0.4472796
0.5307773
0.2719558
-0.13651
-0.499363
-0.5890824
-0.2934795
-0.1564461
-0.2859932
-0.35194
-0.3862063
-0.4023498
-0.7460588
-0.3746229
-0.051406
-0.2870148
-0.2841258
0.3543437
0.2636697
0.5648295
0.6768633
0.9572017
1.388591
1.529811
1.796495
2.220037
2.120147
1.528279
0.8366974
0.4130385
0.9632043
0.7267168
0.5042491
0.9335854
0.98514
1.207723
1.123603
1.009143
0.3695455
0.07105093
-0.1652474
-0.1482289
-0.3008032
-0.4531318
-0.4807464
-0.9084913
-1.056353
-1.940305
-2.113597
-1.694719
-0.8876916
-0.07594972
0.2872405
0.7339135
1.315535
1.728044
2.25635
2.293983
2.452949
2.074287
1.910183
2.49888
2.282252
2.329689
1.811074
1.467641
1.486069
1.503173
1.961947
1.544204
1.906139
1.904117
2.243407
1.727314
1.125401
0.4253559
0.4438896
-0.3264433
-0.7451781
-0.7913119
-0.9188568
-1.075479
-0.6724485
-0.3508546
0.3171341
0.4775046
0.2560489
-0.5473818
-0.7393133
-0.7253129
-1.165005
-0.9999012
-0.8372292
-1.038407
-0.6250139
0.1177065
0.7199827
0.8682617
0.5632108
0.1102898
-0.3665625
-0.5473455
-0.8559662
-0.7536362
-0.4174126
0.1883399
0.3051947
-0.3044507
-0.04095676
-0.4551921
-0.4144251
-0.01339946
-0.3602106
-0.5184143
-0.4579774
-0.7322839
-1.332493
-1.13104
-1.766918
-1.858799
-1.826511
-1.531952
-1.384649
-1.002739
-0.7920182
-0.5795811
-0.6620849
-0.9954508
-0.94914
-0.6956032
-0.5537506
-0.5207044
-0.4660671
-1.084136
-0.7369132
-0.6675767
-0.5620551
-0.3546386
0.1041054
-0.1052214
0.5146045
1.108811
0.7738971
0.7172719
0.890937
0.2737927
0.9620918
0.6430798
0.4209103
0.8080018
0.6111618
-0.03341816
0.1571734
0.2702107
-0.01929565
-0.03751175
-0.2281428
