1.55367
0.05509926
1.113388
3.594259
1.224124
2.761374
0.7774662
0.6246424
1.209418
0.4071825
-0.196627
-0.6797448
0.2161138
0.7451424
0.8988889
-0.3805643
-0.3463228
-0.4324571
0.02643453
0.8976359
-0.5303092
-0.1529647
-1.591722
-1.00549
-0.3006682
0.5340027
0.8390425
-0.03999352
0.4285676
1.11098
-0.1311624
-0.7031086
-0.6195698
-0.2804065
-0.4338721
0.2980033
3.721798
1.236851
1.850069
0.697963
0.2773675
-0.3017017
-0.6798986
0.4103386
-0.7472616
-0.4057595
0.06829163
-1.535692
-1.894889
-1.323597
1.650244
0.2318421
0.9104368
-0.2865892
-0.4480984
-0.2047009
0.8574819
0.1977158
-0.1206242
1.114803
-1.422376
-1.723692
-0.702311
0.105582
1.062837
0.3994427
1.408687
0.3980756
1.504777
1.369582
2.069559
2.966909
-0.7398317
0.355062
-1.667246
-0.9846113
0.4901566
0.856415
-0.8422172
1.496348
1.619127
1.553897
2.704406
0.9055606
-1.680045
1.074465
-1.346552
-0.01627956
0.6776177
-0.5530256
1.358168
-0.3646132
-0.1728678
-0.4130563
0.161701
0.2243367
-1.606534
-0.9098628
-0.1304291
0.6255959
-0.7875399
-1.026668
-0.5678484
-0.4230998
-0.1749144
-0.4414056
-1.015826
-1.468388
0.1017637
-1.019519
-3.145912
-1.651451
-0.3160462
-1.813803
-1.33794
-0.6545058
-0.7155772
-0.5276402
-1.163847
-1.225446
-1.398508
1.079262
0.3918524
0.5485415
0.5840595
-0.992193
-0.9697821
-0.4140388
-0.2107766
-0.09350198
-0.9587114
-1.304005
-0.7224816
-1.31291
-0.3030033
-0.3536319
-1.037308
0.5800471
-1.492898
-0.2227046
-0.3274153
0.4289439
0.2199717
-0.1277813
-1.044996
-2.908269
1.252632
-1.503413
-1.915053
-1.560478
-0.2009889
-0.2628957
0.2299161
-0.2494946
0.4426308
-0.9719223
-1.053046
-1.826309
-1.381428
0.6905596
0.9934506
0.3962196
-0.0114279
0.8018807
1.55211
0.5338931
-0.694193
0.7680306
0.8320732
0.1170069
0.1400379
-0.08140881
0.1781856
-0.180981
1.170768
-0.4057123
0.4204872
-0.4380587
1.485087
-0.3513695
-0.6950527
1.319672
-0.6841184
-0.2423635
-0.23243
0.229878
0.1081933
0.1715854
-0.1595619
-0.3524717
0.5956685
0.7949677
-0.2008675
-0.8782405
-0.4303206
-0.8130267
-0.8804558
0.003120445
-0.0550341
0.07307175
-0.5611685
0.5032189
-0.5363216
0.354733
0.9759865
0.6085841
1.73092
2.328744
1.938372
0.6557039
0.6602008
0.9779947
0.1559055
1.42751
3.054816
0.8207555
1.410007
-0.5423386
0.6017873
1.110981
2.522366
0.5978193
1.52655
1.239667
0.003388969
0.2478101
-0.1264131
-0.7971859
0.1290056
-0.4469135
1.12127
-0.2295842
-2.093557
-0.4440784
-1.170637
-0.8313287
-1.514828
-0.5526966
0.7814718
-1.20439
0.1892608
0.08847937
1.10264
-0.3485999
0.2502231
-0.5639232
-0.5367449
-1.690348
-0.4197959
-1.543579
0.08916565
-1.432181
-0.419821
0.1216962
0.9132069
-0.3111977
-0.174533
-0.223107
-0.08733378
0.1308879
-0.5975056
-0.18094
0.8308582
0.9951167
-0.9913402
2.790998
0.4871444
-1.087934
-0.07748846
0.7667733
0.6301486
0.009724431
0.4749036
0.7838906
0.5524363
0.9152361
-1.684703
-0.8937769
1.395842
0.5725901
-0.2357206
-0.6527925
-0.1455266
0.7631812
-0.8462918
0.441825
-1.0373
-1.502554
0.1757719
-0.2576934
-0.8845271
-0.4909033
-0.0250777
-0.4778574
-0.4403161
-1.79947
-0.08978292
-1.068592
0.1449845
-0.6541005
-0.5942223
-1.552925
-1.048854
0.9596892
0.649512
-0.8565822
-0.8237447
0.5167301
0.8062543
0.7489097
-0.5318251
-0.001451431
1.650199
-0.167119
-1.420088
-0.3162657
0.5901495
0.2008922
-0.2370308
-0.7578205
0.831835
-1.125116
-2.365807
-0.8235145
-0.007169876
-0.02415906
0.5925642
0.2606544
-0.8692549
-1.346898
0.1848215
-0.5850835
-0.5039613
0.2224901
1.449716
-1.034662
0.02339355
1.324488
-1.179536
-1.021271
-1.107996
-0.3690091
-1.293958
0.2344023
-0.007866613
-1.135421
-1.73858
-0.7519773
0.9911904
-0.8018366
-2.525859
-0.4068289
-0.5315539
0.2741675
-0.9197674
-0.6935706
-0.2381943
-1.090539
-2.679343
-1.058836
-0.2598943
0.4106578
-1.09174
0.5649384
-1.282961
0.1281907
0.2110129
-0.5908338
-0.3470203
0.720295
-0.4820384
1.970035
1.204635
1.45696
-1.694441
-1.032392
-0.01204281
0.4074491
0.4131373
0.4065409
-0.3446558
-1.432902
0.06069717
1.368659
1.39275
0.6613314
0.5551279
-0.8794871
0.04307742
-0.4291045
0.5922331
0.5983726
-1.57329
-0.4944965
0.7753448
-0.09937935
-0.9541102
1.429061
-0.7741148
-0.7049096
-0.4632026
-0.6026924
-0.009193408
-1.040967
-0.6541031
-0.3346919
-0.4564168
2.250601
-0.2114971
-1.37389
1.518937
0.1599367
0.6154843
-0.04299549
0.822179
0.1891678
-0.8353481
0.4358461
-0.4531532
-0.1183015
-0.1087816
2.342353
1.106844
1.211115
1.596044
1.364103
1.353647
-0.3596766
0.7280039
1.005479
0.2276065
0.9347922
-0.3424134
-0.001504955
-0.37842
0.01610637
-0.2976144
0.4885449
1.848608
2.113637
1.463325
0.4900293
1.380656
1.104409
2.390148
-0.2168552
-0.5739236
-0.9217595
-0.8651305
0.7982507
-0.08789047
-0.7329262
0.05889861
-0.08548912
-0.1691772
0.4628896
0.8667627
-0.2388417
-0.06653214
-0.2360149
-0.6988932
0.6431546
-0.02047929
0.2308662
0.03978987
0.3690435
0.3804573
0.1253126
0.3893091
0.571875
2.089937
0.3200331
-0.8151349
0.4833291
-0.5719195
0.4852756
0.2912675
0.5879862
-0.6252066
-0.1067621
