0.7935509
1.659793
0.9149822
1.577144
1.852635
2.289341
2.380873
2.141688
1.768814
1.834526
1.906462
2.243642
-0.8306735
-0.7943282
-1.106693
-1.978742
-0.7799484
-1.829783
-2.243585
-1.524794
-1.394327
-0.9698891
-0.9105782
-0.5913795
0.8823274
1.123382
0.7314941
0.3174308
1.619375
0.8940825
0.6332252
2.387862
0.7398272
0.8396197
0.4407531
0.007298751
-0.9444265
-0.0113983
-0.82191
0.9194919
0.6612852
-0.2821274
0.1279301
0.2669365
0.8796287
0.9198719
-0.08803811
-0.03903838
0.489685
-0.5568553
-0.08612471
0.08623949
-0.5841972
-0.6424351
-0.4479845
0.5583393
-1.238477
0.4800472
0.2923706
0.6375796
1.024695
1.311091
0.8209364
0.5723049
0.578205
0.2257423
1.209266
0.3666819
0.5022002
1.283408
-0.05912654
-1.519531
0.3996087
-0.3207029
-0.8231001
-0.2894923
-0.19205
-0.505606
-0.9518546
-0.2726642
-0.09918469
-0.1202061
-1.001472
0.5157731
0.003143491
-0.8198586
-0.8597031
-0.7770848
-0.4427374
-0.9312171
-0.3557887
-0.5270168
-0.6724097
-0.6737122
-0.9201322
-0.5351159
1.120484
0.7457607
0.2164523
0.7238379
-0.1440119
0.549354
1.122644
-0.4445446
0.9734412
0.4082773
0.7445523
0.8513001
-1.559182
-1.472749
-0.4835089
-1.306241
-1.686457
-1.037335
-1.922368
-1.165557
-1.038249
-0.6644689
-0.2107199
0.3165932
0.4893339
0.3014831
-0.1001146
0.01279109
0.6892365
0.7735736
0.5673803
0.138957
0.5227799
0.08462957
0.01983229
1.011985
-1.237716
-2.061357
-0.5151983
-0.8878984
-1.365559
-0.6770748
-1.485577
-0.6567282
-1.365392
-0.1652217
-0.6052641
-0.9080986
-0.4021438
-0.04770196
-0.8324646
-0.2724944
-0.01720435
-0.410951
-0.6278499
-0.7014611
-0.4401364
-1.061778
-0.4648741
-1.742347
0.1229994
-0.7482819
0.29452
-1.060119
-0.3816628
-1.022172
-1.465693
-1.275542
-1.108558
-0.2832459
-0.04332219
-1.422891
-0.1592981
0.3323329
0.6595407
0.07130502
-0.2442599
0.3884809
-0.2716413
-0.5959008
-0.01112636
0.1765179
-0.4531168
-0.6776008
0.4682212
-0.01328547
0.792232
0.9639993
0.6815857
1.11337
0.897346
1.513582
1.324755
1.431808
0.551951
0.730243
-0.2571711
0.1844313
0.6982155
0.02057316
0.2115268
0.3133165
-0.264302
-0.5429125
0.3755046
0.1422647
1.483008
1.151071
0.05513314
0.6727018
0.550885
0.930951
1.352675
0.4415782
1.246652
0.9773207
0.7014668
0.7632074
0.5970551
0.5039872
1.700837
1.074516
2.113127
2.56984
2.31763
1.35721
1.902686
1.961803
2.064611
1.843513
1.039582
1.229759
-2.165628
-1.295163
-1.602653
-1.529635
-1.258468
-0.7440908
0.2497219
-0.3305359
-1.839013
-0.9016994
-0.9161949
-0.8657658
-0.138297
0.3282243
-1.024616
-0.6242321
-0.2849865
-1.172301
-0.7116847
-0.6412202
-0.4786702
-0.06678806
-0.3111076
0.8492147
-0.8180423
-0.6192893
-0.9650688
-0.2610704
-1.023812
-1.008149
-1.237607
-0.9850004
-1.525438
-1.480181
-1.254956
-0.9173123
-0.03731117
0.2584785
0.770368
0.3719292
0.3317458
0.2996174
0.4052349
0.7579455
0.8756288
0.8966098
1.206721
0.6303404
-0.06418271
-0.1052175
-0.3845119
-1.208283
-0.7056811
-1.251313
-1.001946
-1.02835
-1.182472
-0.7833169
-0.1032191
-0.994786
-0.6658821
-1.448153
-1.302746
-1.775673
-0.3606323
-0.2026202
-0.3911476
-1.222546
-0.4975524
-0.1457035
-1.110514
-0.8472719
-0.152204
0.8430181
0.09175743
0.3654291
0.1801707
0.3456641
0.2596319
-0.006084488
0.8056939
-0.2224534
0.1055126
0.05073411
-0.6790168
-0.4742719
0.1619944
-0.5243845
-0.6007656
-1.190062
-1.118291
-1.593331
-2.086765
-1.630764
-0.2968696
0.03277535
0.08485269
-0.1744999
0.3165599
-0.7150944
-1.036535
0.4279796
0.1655827
-0.1975402
1.113767
-0.3374652
0.09764811
0.5376777
-0.2744926
-1.23753
-1.150406
-0.8883699
-1.86498
-1.495664
-1.294329
-1.989792
-1.515929
-1.485606
-1.82797
-1.612295
-0.1734672
0.03075942
0.303755
0.03535106
0.1346916
-0.05591208
0.2863591
-0.2737376
-0.5770995
-0.2838901
1.136391
0.1922222
0.684414
-0.526651
-0.09328205
2.32977
0.2075198
0.1151364
0.05576836
-0.4137729
0.3218104
0.4795589
-0.2694416
-0.8219697
0.144302
-0.3789158
0.2116754
-0.4377466
0.1746323
1.140864
0.502501
0.6318548
0.4927639
0.09541516
1.067991
1.212731
0.05208813
1.169176
0.3277344
0.7942393
0.4497033
0.2676472
0.7457033
-0.1228972
0.7840422
0.425445
0.1909626
0.6304277
1.052484
1.365918
0.8260939
1.204462
0.9872527
1.211371
0.6866586
0.8204824
1.4916
0.9404668
0.7456565
-0.3207904
-0.2750966
0.2585121
-0.3743197
0.2587427
0.3838439
0.7045524
1.076861
0.3101648
-0.06041872
-0.197715
0.8805338
0.885852
0.9849001
0.5804651
0.4626407
0.01487995
0.5534148
0.8733428
0.8043509
1.4644
0.6558477
1.145524
0.112886
0.5268456
1.575368
1.376621
1.662229
1.276875
0.9312052
1.738028
1.480028
1.797023
1.298659
0.4379099
0.5195244
0.8694484
0.7391151
1.023827
1.501246
1.258617
0.6236576
1.006696
0.9107381
1.743929
1.18688
-0.0787795
0.9373125
1.118351
0.1462071
0.2462568
-0.1170581
-0.2470409
0.2339927
-0.09650853
0.3235042
0.9431843
0.9125197
-0.3444365
-0.7797098
0.153381
-2.550508
-2.082537
-2.024089
-2.062742
-2.285419
-1.956017
-2.216634
-2.168886
-2.490693
-2.494216
-2.144002
-2.700203
