-0.06164186
0.2714462
0.9035227
0.7141784
0.846069
0.7292291
1.790234
1.780666
0.9028782
0.5090469
-0.01940993
-0.7252431
-0.2780794
-0.7262264
-0.947434
-0.9192514
-0.05713116
1.234105
-1.087508
-1.245547
-1.492718
0.8933539
-1.271855
-0.7957208
0.9421998
1.281238
0.4029441
-0.8255304
1.225675
1.449285
0.4135056
-0.1885137
-0.7771921
0.1481629
1.906652
1.666347
-0.9024466
-0.4649409
1.229776
1.305755
-0.7207189
0.07331528
-0.1666941
-0.05709887
1.236961
-1.011586
-0.8015019
-1.934475
-1.126718
-1.358328
-0.1377843
-0.6413128
-0.660171
-0.3328679
0.7439133
-0.04489824
-0.8110111
1.254351
0.6552624
-0.1357277
-1.883748
-1.232013
-1.338076
-0.9316668
-1.729637
-1.47325
-0.6521797
-1.353117
-0.2329255
-1.609972
-1.053382
-2.560524
-0.4818112
0.4057413
0.6238434
0.9143392
1.064437
-0.1168133
2.196088
0.6262598
1.523645
1.33839
1.353391
1.369877
0.5951145
-0.6649791
-0.05174546
0.6465901
-0.6204982
0.7090488
0.9072507
1.068393
1.644552
0.8553616
0.5111504
1.567646
-0.1740543
0.1095886
0.8289046
0.539905
0.3442662
0.3235218
0.320798
1.983521
0.7918895
1.228332
2.147642
0.8078446
-0.5167103
0.3651087
0.02023944
0.2954628
-0.9747673
-0.8272048
-0.221275
-0.5743948
-1.092765
-2.598007
-0.07218338
0.6106422
-0.169598
0.2539867
-0.1104062
-0.8049178
1.447883
0.7785912
0.925419
-0.6066813
-0.6466892
-0.3408798
0.152946
-1.600763
0.413217
1.254977
0.5400603
-0.3629603
-0.6895425
0.8061277
-0.7086922
0.701219
1.379718
0.5745658
0.1009393
0.1650286
0.7788562
-0.08921539
1.148663
-0.2221057
0.8341252
0.3492287
-0.5880342
0.5645945
0.1526255
0.5252154
0.3878348
-0.872686
0.7046432
-0.2446581
-0.291391
0.1135463
-0.4458723
-0.4879993
-0.4998111
0.2126869
1.697976
0.6608437
1.47252
0.7575876
-2.140256
-0.6364504
-0.9930927
-0.6331557
0.2410832
-0.01335681
0.1285409
-0.4383904
-0.1734173
-0.4261682
0.168936
0.01744774
0.2305814
0.3592931
0.457556
-0.8250516
-0.3509543
-1.530981
-0.9379025
0.7616656
-0.5630668
-0.5577874
-1.080129
-0.1719696
-0.6663654
-1.664147
-1.578387
-1.165825
-0.8082035
-1.46162
-3.143428
-2.364565
-0.4276379
-1.434245
-1.382182
-0.05739564
0.03079512
-0.6573371
-0.03201184
-0.5039352
-0.1911768
-0.5870574
-0.4197711
-1.300059
-1.383469
0.7304155
-0.9783705
-0.2363223
-0.6435554
-0.4191877
-0.1689807
-0.9828511
-0.108574
-1.076744
-0.4001815
0.07488647
-0.145701
-1.501348
-1.932284
-1.419873
-0.02838446
-0.3005798
-0.6324083
1.079142
-0.2744681
0.1598714
0.7404782
0.07942533
-0.3375448
-0.4227226
0.3551957
0.9416115
1.534291
0.8536818
0.5777923
1.407576
1.492549
-0.5566148
0.6418871
0.3542705
0.4296116
1.72845
1.451737
2.59733
2.502781
1.827572
1.219282
1.258118
1.909396
0.7380297
0.4440264
0.3904185
-0.5279483
1.336627
-0.3294724
-0.5526378
0.05906339
-0.1259675
0.4957628
0.8372036
0.4031554
0.4288287
0.3497021
1.410493
1.635551
2.242138
2.302539
1.531446
1.356626
1.573726
-1.320107
0.3276685
-1.296887
-0.1186519
-0.3184882
0.3353442
-0.8747082
-1.999484
-0.6872653
0.7454759
-0.6551686
-0.44442
0.08973687
0.7082574
0.9397827
0.1573829
0.3850939
1.423354
0.233014
0.3856737
-0.1208219
-0.6792192
0.4583074
-1.195652
0.02061042
-0.476189
0.1804945
-0.2470447
0.4433681
-0.07917758
0.7530474
-0.3660061
-0.6023996
-1.125829
-0.668216
0.2004165
-0.6741108
0.3063525
-1.109647
-0.9340534
-1.360431
-0.1945339
-0.9761676
-0.892194
-1.204538
-2.219714
-1.651746
-2.015492
-1.56909
-1.780835
-0.2389221
-1.027662
-1.031544
-3.126614
-1.9262
-1.628779
-1.779087
-1.401103
0.05179858
-0.2991293
-1.007443
-1.127083
-1.204334
-0.9001881
-1.851532
-0.984625
-1.177693
-0.7169884
-0.8073522
1.165845
0.7776786
0.8741599
0.2983142
-0.4758247
-0.4516251
0.6455703
0.1976282
0.6315182
0.7233865
0.3998447
0.6529935
0.6305697
0.7928138
0.500215
0.5733652
0.6987094
0.5353306
0.4275936
0.05645734
-0.1366342
0.4739116
1.363966
0.4284676
0.6479865
-0.516502
-1.116233
-0.05680837
-0.02123419
0.9270318
1.02024
1.379656
1.074294
0.1607106
0.9107764
1.218985
0.1824699
0.2866004
1.106554
0.03160467
0.220924
1.083835
0.2509614
-0.3755962
-0.5543112
-0.7523507
0.6614214
-0.3630336
2.145143
0.8072325
-0.07874999
0.2375179
0.3560677
-0.1410122
0.4837724
1.121249
0.1877089
-0.2655172
-0.2612579
-1.418599
-1.39166
0.3236929
1.044446
0.6105627
0.2679514
0.1665841
0.1464106
0.2456163
-1.119077
-1.452222
-0.6231513
0.6456835
-0.1008804
-1.907147
-1.147042
-1.03259
-0.8412777
-2.196797
-1.737575
-1.601519
-1.357683
-2.468537
-1.104231
-1.915252
-0.05657526
0.8391407
1.617854
0.8811322
1.5108
0.598937
0.9591644
1.540974
1.705554
1.075686
0.203027
1.342216
0.5766584
1.145285
0.6742062
1.222378
0.1356522
-0.6131003
0.8449022
0.05211631
-0.618602
1.742407
-0.3678668
-1.523313
-1.415244
-0.4688442
0.2349337
-0.2938046
1.257168
1.229774
1.255363
0.8776561
1.231074
1.489717
-0.2323787
1.057755
0.9749516
0.3960285
0.1414131
-0.1226211
-1.32103
-0.5624711
-0.5329059
-0.5445511
-0.2762507
0.4188198
0.09028453
0.9588319
0.2654704
