0.07551299
-0.5925417
0.5504598
-1.182077
1.253892
-0.8452343
0.2587652
-0.2960832
-0.4391541
-0.6474559
-1.756876
-1.709914
1.88684
0.2360487
-0.3862279
0.2344213
1.006142
1.477372
1.519521
0.899356
-0.1678737
0.444532
0.7040575
-0.4348876
-0.0459251
0.2541442
-1.096755
0.9660804
0.8190024
0.3390655
-2.161264
-0.5191574
-0.6077378
-1.263268
-0.4894747
0.9704569
1.062036
1.008297
1.390404
1.093863
-0.06202523
0.6095137
1.148235
0.1726665
1.107481
-0.5034574
0.07534041
-2.29969
-2.167511
-0.06599717
-0.02072267
-0.1605423
-0.8373424
-0.5066556
-0.8634766
-0.1987832
-0.01968956
0.9519788
1.216638
0.1051133
-2.123591
-1.598515
-1.262557
-1.815877
-1.699688
-1.255984
-2.031284
-1.583175
-2.457185
-0.663049
-0.9633942
-2.380034
-0.3719097
0.6304255
-1.17231
0.325238
0.5639693
-0.345512
0.5794981
-0.754236
0.09816403
-0.04041135
0.3281684
0.6441886
0.4320151
-0.3591602
-0.1129109
0.7288435
-0.4946001
-0.430327
-0.536146
0.666354
2.092283
-0.1904544
0.5353666
0.2881544
-1.646888
-0.8076392
-0.9245728
-0.8827308
-2.455375
-0.1145876
-0.01602705
0.8669158
-0.05469929
0.001615379
0.9251071
-0.3385372
-1.058762
-0.2877533
-1.663463
-0.2056936
-0.2609083
-1.095459
-0.2393774
-0.4627918
-1.260898
-0.1823898
0.9307498
0.4317839
0.1894794
0.2323193
-0.5187562
1.737717
0.2642014
0.8342015
-0.7757272
-0.8074365
-1.247275
0.9015082
-0.0960146
0.7903957
-0.1272954
-1.143062
0.6877023
0.01637349
0.2583193
0.7022317
-0.4299118
1.778939
1.666853
1.330023
0.7151146
0.0112212
0.5858231
0.1128683
0.6092308
-0.9101049
0.7369013
1.549802
1.716502
1.950293
-1.123276
0.8755445
-0.2639912
-1.857004
-0.4475213
0.6275927
0.9413911
-0.9948434
0.07735735
0.525809
0.3183766
2.337938
1.57948
0.3521496
-0.3051207
-0.7254206
-2.392554
-0.4465572
-1.043735
-0.4284848
0.1193156
0.2892579
-1.313424
-0.8056368
-1.207691
0.2044648
-1.352013
0.1240298
-0.1044803
1.313426
-0.9364983
-0.473508
0.5209957
-0.07852288
0.671404
-0.2779928
-0.7145124
-0.1470073
-0.947123
-0.4519794
-1.499985
-0.4666769
0.2436514
-0.1083332
0.3885463
0.3939766
-0.5733155
-1.192594
0.2579953
-0.9302491
1.154423
0.746397
0.4445207
-0.06457673
1.274662
0.3986245
0.5060067
-1.607464
0.5146469
-1.121705
-0.0658646
1.078665
0.2707935
0.6267337
1.881431
2.6578
1.832178
1.308281
2.241875
-0.0581222
1.730703
1.028983
0.1272662
0.2572826
-0.5498878
0.4422662
0.6746219
0.5156233
0.003421865
0.231404
1.083441
0.527134
1.302382
-0.07751811
1.651523
1.029577
1.154526
1.275326
1.611235
0.403918
0.549794
1.485687
0.9654844
-0.5014786
0.1011835
0.6885553
1.42229
1.700375
0.4010806
1.53035
-0.06700222
1.012881
0.9405623
0.8309668
0.2093853
-0.427055
-0.2362096
0.3943461
0.4702963
0.4431083
-0.6747
-0.3168475
0.5051103
0.07466464
0.5254719
0.4648606
-0.7673876
0.3321964
0.5292976
0.602191
-0.1292897
0.5048975
0.2380285
-0.2767926
0.2070346
-0.2187628
-0.04680647
-1.264896
1.078043
2.603069
-0.03441427
1.414243
1.391951
-0.8071518
0.06206188
-0.4322314
-0.8527462
-1.567766
0.3488824
0.06364009
0.2244105
0.5163285
-0.9520852
-0.3689683
0.350788
0.4892005
-0.1439364
0.7165911
0.9168627
0.348337
0.1989505
-0.7311515
1.079935
1.098356
0.3829727
0.2660755
-0.2524115
0.3408886
-1.849406
-0.6425452
0.04477938
-0.2274999
-0.9097784
-0.4111847
-0.2785032
0.3481285
-1.468692
-1.268356
-0.181401
-2.194994
0.1790384
-0.3950089
0.8123226
-0.3760528
2.178452
1.711219
0.5680799
0.7263093
0.1935626
0.6342995
2.302207
1.065254
1.046445
-0.6268831
-0.6882041
0.06912287
0.8605553
-1.052365
-1.232379
-0.874948
-0.4824925
-0.268353
-0.7575801
0.8554054
-0.06344093
0.5540073
1.101505
0.2115051
0.2631502
-1.145621
-2.188791
-0.5134138
-1.314622
-0.9032477
-1.688486
-0.9722165
0.7774369
0.6764463
0.4289576
2.031735
0.06307545
0.9841956
-2.192033
0.5315402
2.165461
-0.9631649
0.4478314
-0.207008
-1.7227
0.4937908
0.2589937
-0.5316285
0.1030346
0.1880566
0.2350271
-0.435169
-0.04147428
0.2939176
0.5739279
-0.2430837
0.3305931
2.702816
0.4276759
-1.945534
-1.703165
-0.6242832
-1.777982
-1.549378
-0.7511113
-2.370968
-2.45724
-2.661988
-0.5937384
-0.7172801
-0.325668
-1.203137
-0.8233317
-0.4548477
-0.8102688
0.5030126
-1.216094
-0.3574346
-0.5268195
1.258805
-0.3347867
-0.2894758
0.8405123
0.2168346
0.7373681
-0.8319462
0.4659447
-0.6538449
-0.5061631
-1.002734
-0.616371
0.5532355
0.4120192
1.817877
-0.8760294
-0.6609879
-0.189507
0.09951883
-1.69416
-0.4383544
0.2619305
-1.531271
-0.2232248
0.04342805
0.8010064
0.8922192
-0.4237015
1.305716
0.0819692
0.7794706
2.31372
1.422957
3.178933
1.868871
1.247941
-0.5401841
-0.3889249
-0.3220075
-0.3230879
-1.707001
-0.8244101
-0.3464614
0.4171332
-0.3297812
-0.404925
-0.6506479
-0.6377094
-0.731039
-0.8152674
-1.385974
0.7734919
0.9673643
-0.04486118
1.446152
0.4849629
-1.026286
0.09479497
1.359628
0.8012662
-0.1205199
0.7758219
0.888703
0.2023107
-0.1061222
-0.8198782
-1.152116
-1.180755
-2.259356
-0.304253
0.6078025
-0.6706089
-1.521107
0.425303
-0.9456749
