1.029058
0.962149
1.027027
1.076054
1.195333
1.268317
1.389474
2.00094
2.191116
1.737708
1.430075
1.387159
0.5723525
0.4648015
0.1969544
0.1248812
0.03643625
0.5798734
0.8955165
0.6169911
0.7093708
0.5789251
1.074338
1.116809
1.299054
0.5232884
0.8962865
0.5906829
1.162202
1.436443
1.607004
1.917382
1.810518
1.7857
1.20764
1.583565
-0.05255795
0.1431325
0.5431032
1.70006
1.633637
1.201439
0.7608206
0.6665397
0.5607557
0.4697501
0.6577148
0.2174666
-0.329996
-0.8859152
-0.8132134
-1.250376
-1.349836
-1.513443
-1.64838
-1.501958
-1.700956
-1.720825
-1.057139
-0.6637926
0.1048202
0.2217997
-0.3629452
-0.9006898
-0.4375503
-0.8315688
-0.9380754
-0.5943526
-0.6792365
-0.2838024
-0.8834405
-1.478741
-1.931352
-1.48013
-0.5297529
-0.2312877
-0.06122526
-0.2665373
-0.4067686
-0.1118492
0.05491608
-0.2815252
-0.4695988
0.05905723
0.394398
0.7250495
0.9488858
1.087751
0.2994947
1.064471
1.304148
1.15628
1.483304
1.1946
1.41373
1.210297
1.900773
2.0019
1.956236
1.320776
0.9290159
0.5440411
0.4082899
-0.03865205
0.172301
-0.5850883
-1.074463
-0.3574365
-0.5466026
-0.7572507
-0.02570339
-0.4285386
-1.482529
-2.131921
-1.798208
-1.203312
-1.283394
-1.349726
-1.092661
-0.6362948
-0.9370608
-0.6854648
-0.3720251
-0.8258007
-1.019534
-0.8953254
-0.7824309
-0.7824541
-0.4357374
-0.4268363
-0.003974654
-0.03128317
-0.7355617
-1.12036
-0.2951544
-0.0003751206
0.1261285
-0.1487838
0.08552312
-0.1445828
-0.1647809
0.2335085
0.5006616
0.8093637
0.5011687
1.120065
1.009225
0.6096557
0.6292107
0.1016368
-0.560131
-0.5089257
-1.048405
-0.1337462
0.1914047
-0.009499452
-0.6320911
-0.7179541
-1.378938
-1.354243
-1.680579
-1.910056
-2.08794
-2.097487
-1.420025
-1.285895
-1.187408
-1.830361
-1.143963
-0.5112977
-0.4200319
-0.3300193
-0.2520865
-0.1139648
-0.6866222
-0.4207982
-0.5044629
-0.4195982
-0.3338073
-0.3740307
-1.062343
-0.3572844
-0.3585956
-1.029285
-0.1800526
-0.4099733
-0.8782153
-0.5241656
-0.1318708
-0.002384625
-0.2292909
-1.636202
-1.185592
-1.264104
-1.180203
-0.873761
-0.91825
-0.7743655
-0.5495852
-1.039467
-1.082956
-0.9579012
-1.130274
-0.9344602
-0.3713779
0.05420267
0.5152243
0.4376724
0.3091196
0.3007722
-0.2622736
0.1209064
-0.1703656
0.100015
0.3398909
0.4823543
0.7357121
-0.04810559
0.01916028
0.2574798
0.3143761
-0.5983167
-0.1801107
-0.2948661
-0.1778461
-0.6895853
-0.9062126
-1.391849
-1.429169
-1.962661
-1.885493
-1.952254
-2.074294
-3.12253
-2.455251
-2.182009
-1.752287
-1.576096
-1.373629
-0.8882744
-1.430006
-0.8662538
-0.6566662
-1.090868
-0.6065062
-0.7890775
-1.194655
-0.8615894
-1.23308
-1.442543
-1.497465
-0.3482077
1.65741
1.097294
0.5428523
0.4978155
0.5676961
0.4618042
0.4387681
0.2843243
0.4759368
-0.1130628
-1.00588
-1.118659
-0.9071448
-0.389094
-0.1592455
0.01590803
-0.2752784
0.4964217
0.2409347
0.1643256
0.4521796
0.5547225
1.200059
2.082287
3.291632
3.384604
2.412291
1.706201
1.110324
1.225352
1.085111
0.5134903
0.2528873
0.1467766
0.07999085
-0.2382325
-0.3564051
-0.281302
-0.2444979
-1.098737
-0.961316
-0.6466217
-0.6468118
-0.4560834
-0.08800609
0.5306255
0.7501751
0.01196418
0.3299586
-0.0006230274
-0.03137529
0.1061131
0.3947265
0.4136085
0.5906315
0.70898
0.2151812
0.3659722
-0.2871192
-0.3992445
0.02266635
-0.2050378
0.4647903
1.167698
1.381123
1.945024
1.461915
1.217313
0.9031556
0.4569132
-0.347592
-0.8108336
-0.6630065
-1.164438
-0.7240804
0.9885746
1.725145
1.867189
1.768028
1.400499
1.021392
0.6612745
0.7769234
1.124731
1.112215
-0.008890113
-0.4283186
-0.3436299
-0.4207997
0.1264392
0.1881148
0.09692813
-0.00926677
0.3691327
-0.1195748
0.03237458
0.1078269
-0.4347139
-0.579816
0.1730627
0.5693443
0.9149821
1.395796
1.602925
1.062765
0.7638967
0.580863
0.1363621
0.2298066
-0.2047279
-0.3711291
-0.2554706
0.4652515
0.440439
0.04467455
-0.344119
-0.3577374
0.5339934
1.56647
1.621728
1.794635
1.3624
0.4318418
0.2507347
0.2300208
0.4160395
0.5249833
0.4203737
0.3573711
0.4299776
0.9731803
2.029682
1.942496
2.094356
1.737463
1.691639
1.598366
1.564761
1.753398
0.892951
0.5127146
0.262715
0.1058073
0.4214041
0.07757014
0.8667344
0.2193606
0.01463844
0.08385871
0.3328149
0.46972
0.4700061
0.324599
0.008706224
-0.1628646
-1.099451
-1.893226
-1.538226
-1.464535
-1.098095
-0.8778543
-0.5069494
-0.09406539
-0.05512379
0.04481771
0.2651736
0.649137
0.4661986
0.1723022
0.3570884
0.6200018
0.5711284
0.1760768
0.04136063
0.1239729
0.1940449
-0.160061
-0.1788913
0.2661977
0.4588466
1.161093
0.8396578
1.074609
0.7885723
0.6223637
0.6716655
0.7789627
0.9114024
0.7709423
0.4469069
0.3886884
0.4784284
-0.0315684
0.1723719
-0.3490586
-0.1716647
-1.335685
-1.992084
-1.78361
-1.692641
-1.484322
-1.387296
-1.574522
-2.100077
-1.933463
-1.131685
-1.759835
-2.240056
-1.868606
-1.274504
-0.6916557
-0.811829
-0.2584
-0.08375622
-0.3280861
-0.07860438
-0.08329037
0.2604991
0.2788072
0.6563073
0.4604053
0.5835319
0.260825
0.09630054
0.4083792
0.5223063
0.2676018
-0.08958025
