2.458362
1.381709
0.9152108
0.7888717
0.1335266
-0.4461502
-0.02748168
0.6375184
-0.2710534
0.8163141
0.6111845
0.6856321
0.3663393
-0.6868134
0.435206
-0.3117898
0.1090509
-0.1042051
0.03230676
-0.2317646
-1.011535
0.9136661
0.2323804
-0.3104089
1.450691
0.4330712
2.248458
0.06867901
0.9905984
0.6707265
0.6919538
0.5174975
0.9051753
1.455636
0.1582574
3.857139
-0.2275919
-2.076756
-1.417436
-0.5213674
-1.170734
-0.4114402
-0.7899867
-0.3752907
-1.01214
-0.4088258
-1.674902
-0.7792784
-2.007946
0.20613
-0.6794556
0.2823628
0.4477319
-1.039601
-0.468792
-1.030437
-0.479769
-1.600081
-0.29861
-0.47909
1.399818
0.1036137
2.473907
1.008016
2.104161
1.393415
0.9752012
0.4897507
1.70787
0.5201216
1.84505
-0.1025788
2.40737
0.1973595
0.5877616
0.3069772
0.6458579
0.613344
-0.01178929
0.2205135
-0.3252991
-1.842262
0.6235843
0.9306211
1.019023
1.527976
-1.328389
0.3880875
-0.7666788
-0.2010258
-0.7508272
0.3752462
-0.9147107
-1.399688
-1.991163
-0.5843614
0.4872077
0.6767669
0.7567138
-0.8445424
0.5760302
0.4298815
-0.2403376
0.4844809
0.3338508
0.06423682
-0.1124466
-0.2188998
1.242929
1.806859
1.599878
0.9525816
0.4621103
1.186946
1.102886
0.979749
0.5519149
0.07457064
-0.5958378
0.05786966
-3.109436
-1.836887
-0.4093814
0.3691934
-1.349036
-0.06414089
-0.8529917
-0.260518
-0.4782605
-0.8907006
0.1673649
0.3181269
-2.25608
-0.8212684
-3.097413
-0.6478886
-1.200141
-0.3176585
-0.5566975
-1.246483
0.1920507
-0.1204319
-0.04990371
-1.066861
-2.292084
-0.5608234
0.05172092
-0.3811271
-0.5312681
0.1666942
-0.3777612
-0.679152
-0.6846723
-0.04677476
-0.5484685
-1.646717
-2.295003
-2.305527
-0.7127491
-0.2155806
-1.187201
-0.4278879
-0.5262612
-0.5008463
-0.9590496
1.002403
-1.003493
-1.561439
-1.697599
-1.230985
-0.4418142
0.2651021
1.030071
0.3463638
0.5788147
0.1078754
0.8803999
0.6593649
-0.8268198
1.220354
0.8339435
-0.2492174
-0.4902071
0.2979986
0.4196185
-0.6218337
-0.3597721
0.6632746
0.5287458
0.2337557
-0.5102526
-0.7431661
0.6608455
0.15188
0.6236814
0.6520951
0.7441775
0.5621934
0.03768799
0.1510178
1.260989
-0.6331899
0.8627217
0.6543408
0.2931292
1.16486
0.6451294
-0.1633492
0.5913934
-1.039258
-0.6457831
-0.2192458
0.1095337
-0.6256701
0.09230328
1.307258
-1.411101
-3.41123
-2.609464
-0.9236239
-0.6644404
0.5873561
-0.8450856
-1.209449
-0.9935222
-0.2873071
1.056324
-0.129466
0.01058889
-0.9787126
-0.7659391
0.6675904
-0.6340321
-0.3491734
0.1340381
-0.3818808
0.7723302
-0.4415752
-0.6058879
-1.337629
-0.6310519
-0.1519468
0.3402721
-0.949193
-1.403088
-1.286734
-1.049397
-0.09700054
-0.1697155
-0.6472465
-1.313062
-0.4033155
-0.1404128
-1.460548
-0.2228369
1.869257
0.3801675
0.2779631
1.376895
-0.1539056
0.7451249
0.2166657
1.730824
1.555259
0.7459002
0.275102
1.427853
0.304677
-0.08452488
0.1479972
0.1832803
-0.3022171
1.26273
-0.5305489
-0.2208774
0.4286472
-1.870216
0.1538042
-0.5528606
0.1970709
-0.2276364
-0.1826109
0.2704889
0.1252137
0.3108873
0.580411
0.8659065
0.3346254
0.9766557
-0.9316695
-1.742809
-0.2307262
-0.4823201
-0.2908103
0.440807
-0.1779923
-0.9971523
1.032406
-0.5031853
-0.03550906
1.810856
0.04537069
-1.229182
0.2189176
0.4764354
-0.1306381
0.1094941
0.5462199
-0.4603896
0.8859583
-0.08249354
-0.3526468
0.3606454
1.191784
1.068457
0.02739477
0.3594999
-0.401745
0.3917544
0.1204062
-0.07513405
0.01127804
0.08211336
1.301102
-1.929002
0.8666494
0.7847058
-0.4998246
-0.2397138
-0.981314
-1.273004
0.8999895
-0.2118847
0.7283632
-1.085434
-2.499117
-0.5237285
1.376358
-0.6419715
-0.6883711
0.5745474
0.6818261
0.445515
0.6497771
-0.1234404
-0.9506811
0.294783
-1.091948
-0.4438288
-1.50735
1.532238
0.463958
0.3496504
0.3001534
0.1047722
0.3271592
-0.06905366
-0.06123837
0.2522818
0.2842993
0.4544371
1.022704
0.1744216
-0.8635869
-1.038067
0.1754437
0.1976394
-0.5916016
-1.085956
0.09653915
0.4196721
2.770087
1.139879
3.210313
-0.04435942
-0.6119079
0.02941429
-0.08929367
-0.2829596
-0.1793126
-0.003690524
0.4288108
1.389391
2.107576
1.889761
1.55019
0.2943548
0.1016299
1.022742
1.659768
1.956586
1.922472
1.509142
1.081927
-0.08922131
1.072982
0.3406555
-0.1344506
-1.745305
2.228991
0.697841
1.015684
0.9717891
0.840734
0.7868418
1.70931
1.053767
1.585155
-0.180831
0.5105694
2.468076
-0.5776116
0.6155759
-0.1864006
-0.3716254
-0.5382701
0.3782651
-0.1455374
-0.0863729
-1.716965
1.377334
0.8004063
-0.2958996
-0.5167131
0.09256878
0.002143736
0.08249915
0.7114757
-0.1192579
0.006081065
0.5421266
-0.4532767
-1.353758
-0.4234186
-1.998064
-2.084142
-1.377736
-1.314536
-0.7291619
-1.5023
-1.030111
-1.185622
-1.869471
-4.110887
1.565159
1.164805
0.8489686
0.8667071
0.3164883
0.1625962
0.09795333
-0.1886742
-0.2763934
-0.02898498
0.76066
-1.309294
-0.9410359
-1.235191
-0.792923
-0.9323045
-0.347078
-0.3919657
-0.3484599
-0.444199
0.01053825
-0.963406
0.114048
0.1845405
0.3643225
0.465488
2.163937
-0.2042117
-0.3693801
-0.07006791
0.2957071
-0.5541274
-0.6526705
0.07136694
0.02839749
-0.06963582
