-3.233423
1.290684
-0.3520713
-1.046397
-1.446399
-0.6616073
-1.311784
-1.092663
-1.029728
-0.8476731
-2.592171
-1.272405
1.047505
-1.082999
0.4906773
0.8972876
0.09762304
0.4912596
0.5808483
0.240867
1.609663
-0.03023254
0.7050282
2.216124
-4.299935
-1.985323
-2.569328
-0.3554164
-1.342764
-0.7077674
-0.6091044
-0.9579144
-0.6922631
-1.117666
-1.629537
-2.082332
1.115428
-0.1090562
0.870755
1.046773
0.4609405
-0.01596691
-0.4169305
0.1409585
-0.02278434
0.4791207
1.909512
1.225626
1.080362
1.152415
0.681253
0.404555
1.367175
-0.1091087
0.1621913
0.008730723
-0.03931428
0.6383231
-1.299552
-0.3376844
0.4442847
0.424604
-0.1565548
-0.710133
-0.6664159
-0.5304908
-0.3140585
-0.1418695
0.03958064
0.1744491
0.6867307
1.583085
-0.8035322
2.066698
0.7825571
2.013968
-0.06852604
-0.1870024
0.5358774
0.3777735
0.1963376
1.166877
0.9927903
-0.7295681
1.127851
-0.652858
1.381921
1.309963
0.538069
1.062447
0.7192031
0.8089219
0.6001126
1.598813
2.12725
0.2503464
-1.442303
-1.01765
-0.8776999
-0.1817583
0.223778
-0.4204812
-0.4930432
-0.1926429
-0.7909557
-1.299052
-0.3256456
-2.429845
0.2768848
0.5681735
-0.6041124
-0.4806065
0.4097026
0.1210549
0.07481029
0.09755933
-0.02509954
0.3141885
1.907096
0.4199581
1.594896
-2.731589
0.350501
-0.8231267
0.5349398
-0.3250073
-0.4215122
-0.7762742
-0.3441311
0.1139736
1.769214
0.1765243
2.083018
3.418001
-0.6374724
-0.1442803
0.004563522
0.5175793
0.1981455
0.6833429
0.8235143
1.436389
2.365544
2.66227
1.934088
1.349648
1.416754
0.1603504
-0.2974348
-0.1435573
0.008423639
0.02341979
0.4468508
0.9614649
1.140211
1.844172
0.8825542
1.280886
-0.5310502
1.041412
0.7818481
0.4113156
0.2567081
0.111125
1.268166
0.6506366
0.5730646
0.7835597
-0.4104474
-0.6204332
-0.7607574
-0.3056205
-0.4358923
-0.3877759
-0.4894029
-0.1115173
0.2168881
-0.3784072
0.6563979
0.4091972
1.004673
0.6598632
0.008546781
0.09514267
-0.9620788
-0.8324701
-0.9605655
-0.7312236
-0.4235041
-0.9309522
-0.213311
0.1019538
-1.688437
-0.5052097
0.2401122
-1.69868
-0.842842
-1.005637
-0.01077693
-0.2540538
-0.4863586
-0.1806231
-0.4843067
0.5797199
-0.008800359
-1.713528
-1.164895
-0.6384726
-0.4390843
-0.5202411
-0.6187834
-0.1638626
-0.2416548
0.6201418
-1.497739
-1.164649
-0.5593993
-0.8259534
-0.5005355
-1.197706
-0.7607273
-0.9009479
-0.9762411
-0.6465686
-0.8769305
-0.1672787
-2.400849
-1.509695
1.924357
0.2253811
-0.7119953
-1.344946
-0.3297756
-0.1967691
0.03369879
-0.1482238
-0.2274731
0.04399458
-1.039705
-0.5715065
1.033561
-0.2618761
-0.689603
0.1013457
0.574851
0.2691481
0.7997789
0.2315448
-0.005397682
1.041946
0.2847713
0.5983095
1.030257
-0.03608307
0.06018327
0.688305
1.163888
0.6660957
0.3412201
0.8303809
0.9722392
1.034827
0.5284686
1.304238
-1.234113
-1.018256
-0.9635887
-0.6050137
-0.260866
-0.3779465
-0.6834095
-0.2953969
-1.072217
-0.1144258
-0.8375396
-1.867395
0.1608313
0.8840131
-0.34174
0.9122118
0.4363623
0.2229035
0.5360536
0.4779448
-0.1166674
-0.3661512
-0.7040419
-2.008874
-0.9870689
1.021093
0.5447637
-0.1588082
0.1238434
0.727147
0.4449719
0.5137097
0.01006533
-0.6235718
-0.233146
-0.4430209
0.1014014
-0.06151683
1.003905
0.1459971
0.7344902
-0.1267862
-0.05215337
-0.07092229
0.04548797
-0.05995533
-0.2155737
1.531941
0.615356
0.571624
-0.1659354
-0.2649328
0.1342595
0.4428548
0.8002213
0.2725645
0.349238
-0.1184894
0.05499844
-0.4385204
-0.09714805
-1.793994
-1.045608
-0.0864698
-0.8325159
-0.2121612
0.2804819
-0.2385848
-0.6219444
-1.053764
0.3299167
-0.8566394
0.7839992
1.162692
2.667269
-0.004583939
1.429783
0.8602879
0.260821
0.7780004
1.023558
0.6245838
1.260793
1.314476
0.8985651
1.571737
1.444308
0.1271611
-0.2604649
0.430424
0.346285
0.4357851
0.561847
-0.08225396
-0.1809419
0.9185961
-0.3597359
0.1295361
1.463519
0.06959606
0.8141264
0.5464281
0.1952896
0.08508462
-0.3348057
0.06333867
-0.2624764
-0.6870869
-0.9392152
-2.256588
-2.033482
-2.496911
-0.3472034
-0.1153641
-0.347871
-0.4477348
-0.6286315
-1.122396
-1.996607
-1.336076
-0.8810723
-0.1257131
-0.3352387
1.226928
-0.007840552
0.2650881
-0.3076992
-0.5067686
-0.6091906
-0.5649359
0.05199298
-0.1298027
0.4574039
-1.412985
1.19823
-0.2423277
-0.6632074
-0.655035
-0.4401613
-0.4921546
-0.9989685
-0.9058732
-0.1649462
0.06506719
1.19953
1.454439
0.1430245
1.126707
1.041777
0.003676622
0.7173789
0.3217411
0.3918823
-0.4519368
0.725379
1.66864
0.06623965
-0.08345145
0.1289752
0.3805957
-0.4073787
0.1836814
0.0998039
0.06237065
0.2065581
-0.1413764
-0.09226254
-0.1029622
-0.5169835
-0.4779063
-0.5646272
-0.4719223
-0.9745384
-0.4004914
-0.2261656
-0.3239503
-0.5576162
-0.6290746
-1.116598
-0.2980137
-3.282855
-1.732528
-1.511244
-0.7631516
-1.795968
-0.9578617
-1.035096
-1.133951
-1.202278
-1.554134
-2.797449
-1.462379
-1.207599
-0.43316
0.2225525
0.2344313
-0.3385802
0.4244188
0.3576277
-0.09135592
0.04223027
0.1183054
-0.09831154
-1.127335
0.9565045
1.599291
1.332312
1.977759
2.571557
2.13238
1.976473
2.352012
2.604539
1.743541
2.222881
1.335165
