-1.26803
-0.4743767
-0.6129462
-0.8345876
0.05669203
0.7829831
0.307238
-0.1133411
0.1273309
-0.1214608
0.7835618
1.500576
-2.068099
-0.3189419
-1.280125
-0.625204
-1.479188
-0.2849977
-0.9145381
-0.7187359
-0.2624016
-0.7926304
-1.528195
-0.7221693
1.616572
1.056817
-0.5305645
1.186758
1.206434
0.5417889
1.4779
1.139998
0.004160379
-0.3642177
0.9104694
-0.256539
-1.478006
0.03668352
-0.06728362
0.2039401
-1.219006
-1.785915
-0.2830263
-0.6444365
-0.4998511
-0.9099278
-0.5008891
-0.04627679
0.08869718
-1.318707
-0.9521492
-1.7289
-1.195817
-0.2124527
-0.6566258
-0.05075631
-0.9272223
-0.1302903
-1.196633
-0.801402
2.296812
2.045631
0.3828344
1.433191
2.221706
1.552398
1.623672
2.209414
1.294486
1.305865
0.9479253
2.393493
-1.474205
-1.058692
0.7548366
0.1475327
-0.2063236
-0.09000232
-0.2192851
-0.08436748
0.07476783
1.019217
-0.8945512
-1.61151
-0.7267705
-1.325942
1.897247
-0.3379915
-0.04118547
0.6894076
-0.2941692
-0.6760626
-0.4269578
1.096037
0.213564
-0.1107214
-0.06147899
-1.072084
-0.9315382
0.3019525
0.1438926
-0.4549201
-0.008408625
-0.8578102
0.1721646
0.5259401
-0.2828344
-0.7642184
0.9140057
0.2254627
0.5052229
0.1034517
-0.045306
0.9732503
0.4989239
0.9516022
1.589294
1.263811
0.374174
1.961842
1.6747
1.469003
0.5868349
-0.6770205
-0.01988155
-0.04969355
0.4706162
-0.06714677
0.4202954
0.2171912
-0.5120256
-0.9074683
-0.1264386
1.210053
1.789069
1.296229
0.6079269
-0.411487
-0.6623916
-0.8518686
-1.016027
-0.1584737
-0.7869458
0.2855138
0.3705831
-0.1459271
-0.621718
0.5722147
0.3564029
-0.2164199
-0.06804103
0.792564
-0.3045833
0.0625388
0.1504914
1.950956
0.693492
0.6647261
0.5832226
-1.379879
1.172599
-0.1647864
-0.05603865
-0.0788495
-0.9535943
-0.5190477
-0.005873239
0.9363056
3.074564
1.009388
1.362692
0.2628561
-0.8432924
-0.1858405
-0.1541585
-0.09130751
-0.08810799
0.1484808
1.962367
-0.2602663
-0.8451148
-0.4937592
1.39848
0.211193
0.171869
1.362025
0.6402182
0.7349166
0.3576587
0.6054299
1.303995
0.9134536
0.3654058
1.219907
0.5482354
-0.419166
-0.2841727
0.6628314
0.6231101
1.048603
0.1949843
0.4536357
-0.1862313
-0.5426792
-0.4273492
0.5976064
-0.6442201
-1.268611
-0.4042111
0.192151
0.6402438
0.2292082
-0.9982711
-0.2318073
-0.01742736
-1.62916
-0.7615421
0.4479046
-0.4616362
-0.5313979
-2.177435
-1.602332
-1.103069
-0.7433102
-0.6413902
-1.541348
-1.0964
-0.8737125
-2.444579
-0.9924102
-0.9906027
-1.304574
-0.5866865
-1.789232
-1.412897
-0.7906994
-1.793779
-1.101407
-1.969652
-0.3986683
-1.362654
-1.015552
-2.487652
-1.423967
-1.352238
-0.3169363
-1.24429
-1.725018
-1.169212
-1.440151
-0.7326008
-0.9999833
1.625146
1.916568
0.4645553
0.4799607
1.423371
1.431934
0.5172638
0.8362718
1.641136
1.40386
-0.156482
-1.045186
-0.1561451
-0.3664266
-1.462807
0.5817655
0.3775218
-0.07939367
0.1649452
0.3540967
-0.4125931
0.4466391
0.9146831
-0.3906074
1.212227
0.3575644
0.6173496
0.740343
0.707517
0.9690375
0.9802662
0.1714745
0.5076518
-0.4459388
-0.4797643
-0.1895999
-0.214159
0.2522461
0.7640116
-0.2221038
0.47702
-0.2315825
-0.04098543
-0.4014842
0.3807458
-0.5376325
0.07713765
0.3700628
-1.149935
-0.6703268
0.3573778
-0.1505323
-0.08654144
-0.2229373
0.4909414
0.0004992086
0.6995622
0.04496017
0.8746076
1.34464
0.6603441
-0.1622015
-0.4238345
0.2175256
-0.006653769
0.07738628
0.4066652
0.3674455
0.60942
0.6240421
0.2509035
-0.3459719
0.03199178
-0.6947612
-2.461125
-0.7601573
-0.676677
0.4600919
-0.22214
-0.7146247
-0.09304512
-1.653583
-0.6596114
1.514845
1.123183
-1.031508
1.014119
0.960566
0.5547458
-0.3054611
-0.006263832
0.1675256
0.1873426
0.821351
-0.162762
0.5015759
0.1344694
0.4049898
-0.3568527
-0.693349
-0.6772017
-0.5424663
-0.5521362
-0.3914069
-0.4981061
0.6076819
-0.449109
-0.007435805
0.6106613
-1.099075
-0.7104523
0.4023506
0.8147701
-1.013991
-1.318896
-0.1466507
0.5745931
-1.177169
0.36814
-2.714429
-1.649097
-3.60131
-1.165495
-0.8961397
-1.596889
-1.043802
-0.5261164
-1.15938
-1.428596
-1.103958
-1.322455
-2.858707
1.049558
2.767171
3.229385
3.53595
1.715116
1.135396
1.603133
1.044415
2.286902
2.37157
2.811223
2.878236
0.8804838
1.512571
1.371696
0.4005308
0.9375875
0.3767108
0.9495577
0.9054966
1.136621
-0.2015348
0.6692607
-0.4274892
-0.7959853
-0.7891319
-2.949293
0.06154701
0.2335945
0.6856064
-0.02003631
0.4842058
-0.1837367
0.4231423
1.477096
0.606315
-0.5258527
-0.2701687
0.9497821
1.08391
0.4268582
-0.3712268
-0.1797399
-0.24322
0.4790537
-0.7459711
0.05772069
0.05573496
-0.4927233
-0.2297822
0.4982755
-0.6371039
-0.9841476
-0.8672662
-2.34316
-1.912306
-1.177338
-0.7796662
-0.01800581
-0.1932496
-0.4757546
-0.02350853
0.499219
-0.3331263
0.2012678
0.2226015
0.04964658
0.5013453
0.4290637
-0.2951797
0.1710349
0.9515081
0.7253928
-0.003603525
0.8953616
-0.4599683
-1.040035
-0.2247722
0.08701188
-0.2126067
-0.7193916
-0.08125374
-1.007349
-0.9149296
-0.2712657
0.2676223
-1.119015
0.6711282
1.219974
0.3869106
0.7225165
0.6343847
0.2556646
0.6528085
-0.6603817
0.4723602
