-0.7288572
-0.9515015
-0.9955677
-0.01378912
-0.5226319
-1.177029
0.37689
0.217364
-0.1636958
0.5126616
-0.1748367
0.7344903
-0.06069285
0.5618431
0.2375195
0.2308274
0.3202999
-0.6306413
-0.3030728
-0.7511172
0.432207
-0.6286687
0.8566354
0.05125167
-0.6092121
-1.372544
-0.8118523
-0.4900814
-1.281112
-0.9922006
-1.642456
-0.2583332
-1.654538
-1.07586
-1.759334
-1.076405
-0.5041891
0.05858338
-0.4462436
0.6270276
0.9153761
0.35403
1.677308
1.375109
2.58769
2.499326
1.654689
1.392983
0.8821909
1.200404
0.9876539
0.5572725
0.4258692
0.6268587
-0.4260223
-0.3413332
-0.5671046
-0.8161606
0.06433176
0.133423
0.4251765
-0.0818793
0.397134
-0.5483347
0.1414313
0.4876474
0.6436886
0.2976059
0.7557812
0.2821397
-0.2225904
0.3049497
-0.09596877
-1.963933
-0.7278907
-0.8841634
-1.363396
-0.212028
0.464086
-1.600786
-1.487273
0.1236545
-0.2516467
-0.6213189
-1.343371
0.2262439
-1.282742
-0.5404357
0.5364828
-1.136375
0.184992
0.7964735
0.4899996
0.03059163
0.8193213
0.1286407
-0.4563538
0.2885885
1.129104
0.08702769
0.7841491
0.6803006
1.481707
0.9033285
1.002372
0.7162612
-0.3709067
-0.3103367
-0.1373246
0.09963399
-0.8964782
-0.185518
-1.208649
-1.19071
-0.956547
-1.232706
-1.832311
-1.707537
-2.25895
-1.496606
-0.9931237
-0.4170211
0.2365667
-0.9286365
-1.122768
-0.05382612
-0.8592411
-0.7395293
-0.2577859
-1.038792
0.3251299
0.8043752
-0.2430926
0.3235141
0.03276164
-0.1102171
-0.8747277
-0.6267195
0.07499426
-0.6708636
-0.3380121
-0.6610725
-0.05866706
0.7469063
0.2020767
-0.1579955
0.3793195
0.4060804
1.024148
1.006383
0.1883317
-0.4437921
1.069903
1.49126
0.55103
1.105445
0.3173351
1.429081
0.7981349
0.5529358
0.5863907
0.3178507
0.1763374
-0.7129313
0.4653953
-0.315635
0.3877209
0.260425
1.927787
1.420831
1.513119
1.733379
0.9978374
1.458074
0.6179857
1.468459
1.319666
1.335872
0.7593573
0.2881959
0.5634622
0.07948074
0.8026707
0.7761009
0.6491464
0.4240291
1.635794
0.89221
1.272279
1.87766
0.989579
0.4105763
1.497907
1.836141
1.439439
1.39546
1.328894
1.01898
1.003144
0.4177465
0.5169227
0.406359
0.06485385
0.8619823
-0.460155
-0.4357856
-0.8451856
-0.4354634
-0.4156433
-0.3824275
-0.7432554
-0.1564697
-0.324248
-0.6619633
-0.2542332
-0.1255354
0.473268
-0.01206354
1.367228
1.891036
1.565394
2.081575
1.435176
2.320208
2.055437
1.199035
2.168952
1.844704
1.554328
1.434381
1.034813
0.9705749
-0.04791329
-0.4041962
-0.7092453
-0.8619092
-0.304897
-1.330925
-0.8446264
-0.8651641
-1.71243
-1.431413
-1.143979
-1.634241
-1.40666
-0.3945821
-1.672522
-0.8964579
-0.01834693
-1.930325
-1.338565
-1.488752
-1.371717
-2.028124
-1.573976
-1.737846
-1.497301
-1.42372
-1.116926
-1.94608
-0.8140451
-1.723163
-1.285827
-0.7773761
-0.9685743
-0.8554229
-0.7961186
-0.9423373
-0.6578734
-0.7246327
-0.5337738
-0.3926073
-0.1350929
-0.4629821
-1.091256
-0.6199008
-0.1120324
-0.3071298
-0.1850759
-0.1243886
0.4068039
-0.4299122
0.7864282
0.3798762
0.748323
0.8042474
0.1857641
0.7430711
0.08372317
0.4458006
0.4205782
-0.5035822
-0.2451482
1.389365
-1.116599
-0.01489138
0.282421
0.09979293
0.7939934
-0.7490401
1.003866
0.2436069
-0.2915027
0.3441389
-0.5929192
0.1855739
1.387775
0.6642532
0.7831954
0.5467396
0.820582
1.04382
0.300953
0.2012911
0.7354442
0.437588
0.8671478
0.3927014
-0.1562912
0.7875191
-0.528231
-1.02074
0.1758269
-0.3013652
0.3172124
1.282884
0.9592129
0.5655618
1.743369
0.9924768
1.839344
1.99726
1.307863
1.723074
1.762085
1.219868
-0.1755348
0.6863115
-0.4233819
-0.3570372
0.06089963
-0.7421443
0.4438549
-1.083931
-1.312943
-0.5067691
-1.08722
-1.140049
-1.318859
-1.157777
-0.959265
-0.9577506
-0.4430309
-0.8146864
-0.4248048
-0.6850886
-0.7450808
-1.650555
-1.918933
-1.090168
-1.061992
-1.954388
-0.6825099
-1.543053
-0.1285692
0.2004965
-1.476154
0.275488
-1.447534
1.341483
0.3832796
0.7297839
0.9184057
0.408721
0.1190323
-0.3709674
-1.012671
-0.8830146
-1.359736
-1.706499
-1.517925
-2.174476
-1.38525
-2.082521
-1.316588
-1.182695
-1.710912
-1.959393
-1.335555
-1.658595
-1.636218
-1.533921
-2.138399
-1.047619
-1.497404
-2.650599
-0.3799908
0.1406104
-0.5986646
-0.4464062
-0.2358527
0.3166243
-0.6598671
-0.2769601
-0.7500011
0.3487663
-0.3225808
0.3114894
-0.1058269
-0.5643365
-0.6585501
-0.1153178
-1.017932
-0.9973555
-0.4868442
-0.0468464
-0.5436722
0.3950951
0.3418775
-0.4695069
1.253818
1.751842
1.707291
1.058016
1.198344
0.5667782
0.9288055
1.772675
1.119274
1.793263
2.019432
1.540423
0.924419
0.5992839
0.5685796
0.9730992
0.7967446
0.8123484
1.688001
1.867674
1.496794
1.604146
1.259494
1.083359
1.433854
0.02353602
0.9276803
1.323919
0.7684721
0.6636092
0.5902237
-0.1025862
-1.033685
-0.2879269
0.5175753
0.9178123
0.05812381
-0.02798082
-0.8044457
0.1298867
-0.4053402
0.1990907
-1.31772
-0.5711845
-1.086492
-0.834672
-1.107335
-0.5135711
-0.343951
-0.1352503
-0.1922362
0.6030328
0.5976314
0.6664423
0.003998552
0.6924468
1.461966
0.9757201
0.6272605
0.08398048
