0.1159322
0.4066114
-0.2790323
1.34941
-0.7739363
-0.2817214
-0.8214706
-1.311966
-0.4178973
0.3751333
0.8839487
2.161906
0.3924878
-1.204415
0.8403848
-0.8025041
-0.4844747
-1.592336
0.9210207
1.414827
0.5870268
-0.951798
1.052657
-0.2058274
0.416555
-0.1937291
0.2033132
2.365031
-0.02942908
-0.7594507
1.97611
0.8487687
1.590229
1.866303
-0.3958312
-0.8106045
0.2934613
-1.876135
-1.943546
-0.700953
-0.5831659
-3.069549
-0.8650104
-1.0393
-1.569337
-0.4004015
-0.1002204
1.398685
0.5563352
-0.2054984
0.09805131
0.513149
0.1817251
-0.200186
-1.229425
0.564563
0.9438891
-0.1786747
-0.959821
0.5360962
2.793144
1.320941
0.8435654
1.662375
-0.04481851
0.9423501
1.010634
1.021188
0.8258021
1.029245
1.251863
2.35967
0.9780367
1.301004
-0.2973104
-0.368057
-0.1876884
1.491975
-0.3877437
-0.7426108
-0.0805619
-0.8642578
-0.02448358
-0.5761743
-0.338225
-0.3478312
-0.7556027
-0.3523431
0.8246639
1.005824
-0.08521875
-1.11219
-0.9706901
-0.3067826
-1.127725
-1.703569
0.4047263
0.4401135
0.7366697
-0.3656251
-0.1111673
0.4712421
-0.7661965
-0.9875736
0.3855746
-0.5750222
-1.448746
0.09302443
0.0472645
1.054078
2.43438
-0.4178268
0.7897745
3.024388
0.6520932
2.537969
2.606429
0.9463538
-1.243305
-0.6200722
0.7562125
0.2528718
0.1629895
0.1026865
-1.649138
-0.9253243
-1.731245
-0.3797741
-0.4380164
-0.6833174
-0.04883917
0.01494875
-0.9943684
-0.2754155
-0.7879153
0.0767701
1.590333
-1.706277
0.2917127
-2.142885
-0.6838123
0.3860201
-0.4016922
-0.3640712
-0.6888995
-0.0186598
-0.9530626
-0.3549458
-0.05538904
-0.2428783
0.7399234
-0.7326251
-0.5436263
-0.1323799
-0.8957341
0.5688974
-0.7742503
0.5628123
0.6298472
-0.3871962
-0.4828682
0.4345468
0.9688575
-0.8424006
-2.344562
-1.138429
-1.678808
-1.128696
2.383873
-0.2626584
0.4944857
-0.757921
-0.9801371
0.8578364
0.1101329
0.08532588
0.2430097
0.07116514
0.2030508
-0.3210678
-0.07321146
-0.5718993
1.100263
0.8441535
0.1660329
1.341374
0.2083072
-0.1472983
0.9014227
0.1771414
1.41879
-0.137238
-0.09574991
0.8214052
1.187567
-0.3451251
-0.3174891
0.2821225
0.9662791
1.030445
-1.019353
0.6640395
0.4183695
-0.03297808
-0.8833169
0.9258282
-0.3457628
-0.07941388
0.2128164
0.8743844
0.4805152
0.869701
1.807706
-0.8171575
0.7429549
-0.5315173
-1.965241
-2.041538
-1.893105
-0.7361255
-1.956793
-2.184763
-1.352767
-1.959107
-1.609732
-0.8052438
1.213478
-0.8569597
-1.248929
0.08240955
0.1425489
-0.4562657
0.4944384
0.3090975
-0.5392206
0.1789582
0.1659441
-0.1010283
-1.00487
-1.328453
-1.242772
-0.7270082
-0.4661658
0.2868881
-1.519004
0.4350891
0.0538092
-0.05317499
-0.4026143
-0.5786633
-0.3559948
-1.085203
0.0488008
-1.167572
-0.8742016
-0.2602378
-0.3974926
0.1903834
-0.6497684
0.4317359
1.253495
-0.5810921
1.109698
0.2440048
0.008755489
0.5584053
0.08039573
-0.1126905
0.3980561
1.333295
1.238745
-0.5218621
-0.7701846
-0.2552198
-0.8964754
-0.06684473
-1.304808
-1.018559
0.9304503
0.3345388
0.9407511
-0.4128157
-0.4416195
-1.226348
-0.1971098
0.8958592
-1.255074
0.2991819
-0.3613615
0.09392976
-0.1028844
-0.3764778
-0.3138343
0.5490358
0.1993506
-0.6784802
-1.28391
-0.04912872
0.7721401
-0.2564374
-0.1231846
1.057546
-0.3462218
-0.6362777
0.9631527
-1.160118
-1.117482
-0.8187629
-0.9208462
0.02813291
-0.1275612
1.661779
0.09337629
-0.005306137
1.497821
0.2057211
0.8317047
0.5515668
1.784396
0.5404059
0.3552169
0.05690483
0.1144199
1.618267
-0.9435562
-0.3206706
-1.512392
-1.249964
-0.7804033
-0.6980172
-1.863807
1.526751
-0.2787375
-1.501162
-0.4011101
-1.382849
-0.4746743
-0.4098552
0.8073018
0.1949515
0.2317059
1.275302
0.7315121
1.498689
0.8803731
-0.2716301
0.4706304
-1.401354
0.1807265
0.860886
1.050177
0.8601479
1.015349
0.1563577
0.577413
0.5244319
-0.4146137
0.4993275
0.4289894
0.8116475
0.3391423
-0.7093
-0.5004473
-0.1451701
0.4521357
-1.067008
-0.4007885
-1.128768
-1.474363
-1.18541
-0.3677407
-0.5066458
-0.2696133
0.4918743
0.1450429
0.2940192
-1.116268
-1.197479
-0.878502
-0.5102634
0.9619951
-0.5889049
-1.244898
0.1399896
1.59665
2.900681
1.863505
1.691266
1.765808
1.803902
3.200038
2.510261
1.977408
2.650763
1.856613
1.260937
0.919591
0.8548151
-0.03737017
-0.393261
-0.07797269
0.07086725
-1.646971
0.8316996
0.5082558
0.9051392
1.357864
1.871463
-0.3617386
-0.6739123
-1.085081
-0.1359609
-0.3341677
0.240146
-0.2258057
0.6815412
1.140967
0.7126533
0.5778213
0.2008677
0.3123924
-0.1758963
-0.9966723
-0.8075979
1.516986
0.5464013
-0.1543475
1.06861
0.2246967
0.4706164
0.5241566
-1.421339
-1.013825
-1.934559
-1.397445
-1.206251
-1.651599
-1.216884
-2.351888
-2.256931
-1.192638
-0.7242196
-1.143045
-1.600851
0.4785939
0.04105771
0.1398594
0.4883231
1.488017
-0.3703814
0.7239936
1.247087
-0.3108859
0.8672907
1.681076
1.496973
0.4019442
-0.1929303
-0.4857127
-0.4811418
-0.8362787
-1.182053
0.05601089
-1.214956
0.02445855
-0.01412354
0.326066
-0.4833468
-0.07738665
0.5363604
-0.1463398
0.7896487
0.8988922
0.1059943
0.5937416
0.3170316
-0.5902838
-0.07882605
-1.516006
-0.200552
