1.632579
1.160504
1.307923
2.288415
0.2199646
0.4997123
0.1208972
1.70896
0.8540395
1.522883
0.2659862
1.629722
-0.8478423
-0.9892638
-0.8755934
-0.9782669
-1.506073
-1.374372
-2.961624
-2.176839
-1.660545
-1.782289
-1.029763
-1.165224
1.06807
1.425048
1.304485
1.710228
1.032376
0.3392192
0.006372787
1.347098
-0.1640659
-0.7369075
0.7366182
0.7551618
-0.02603149
0.2210621
0.09332107
1.021357
0.9554148
0.2000002
0.05775956
-1.351868
0.1451885
0.8302705
-0.5504144
0.006997852
-0.0308799
0.3063441
-0.04167721
-0.6122166
0.03391391
0.1225329
0.1723325
1.451237
-0.8620954
-0.1511163
-0.04429546
-0.09888519
0.2679565
0.5183724
-0.1489199
0.6825395
0.5699748
-1.323074
0.3141105
0.9440846
1.307306
-0.6721739
-0.4144992
-0.20827
-0.358244
-0.4067509
-0.4514708
-0.253886
-0.5956707
-1.24456
1.159938
0.6625082
0.6479857
-0.6419432
-1.43162
-0.351685
-0.5609058
-0.3737004
-0.1022529
-0.2308971
-1.610631
-0.3602965
0.1819123
-0.5950336
-0.8526268
-1.917647
-0.9516519
-0.5313665
0.9916234
0.969158
1.326867
1.540914
0.07563493
-0.09859022
0.5518045
-0.6601247
0.5828544
-0.6953517
1.053347
1.177507
-0.4647439
-0.5217731
0.2403098
0.06355315
0.2792801
-0.7052143
-1.681661
-1.672438
-0.9255713
-1.028286
-0.9096584
-0.5033028
0.0002743923
0.148995
0.7775903
-0.4107136
1.268936
2.150332
2.317959
-0.5026235
1.586876
0.8154518
0.396781
0.09754927
-0.5778596
-0.9729168
0.1484605
-0.7296198
-0.816303
0.9780744
-0.05125332
0.4645946
-0.7489046
0.2235858
0.1185126
-0.7619098
-0.6000879
-0.6687194
-1.201973
-0.8035132
-1.030712
-0.6881906
-1.105426
-0.142969
-0.6390822
-1.163186
-0.2759441
-1.000885
0.2619276
-0.06177431
-1.605639
-1.018258
-1.483912
-1.497575
-2.030057
-2.42353
0.265442
0.1446809
-0.3547997
-0.03387057
-0.3825341
-0.2465936
0.1740086
-0.2279356
0.7690697
-0.3930062
-1.070343
0.1522174
-1.633363
-0.1754343
0.1495568
-0.1673589
0.2436047
0.1161973
-0.03884014
-0.6391214
-0.3123684
0.424359
-1.174466
0.6869692
1.922387
-1.200987
0.6471956
0.4447418
0.3902269
0.2468246
0.8460129
-0.1663673
0.1343182
1.507096
-0.3784346
-0.8413984
-0.03379023
1.700209
0.3951199
0.5614413
0.596285
1.328135
1.077052
-0.1779108
1.285553
-0.4352264
1.191518
1.73093
0.6584349
1.587351
1.614405
0.9667329
1.595914
0.9407153
1.44824
1.490542
1.113216
0.4399429
0.7527586
1.137253
-0.0637037
-0.418322
0.5208949
1.080474
-0.7502686
-0.3308336
-0.5572221
0.120888
-0.990276
-0.3405452
1.197271
0.2283255
-0.6069882
-0.08813787
-0.235814
-0.2587668
-0.1761836
0.5470924
0.01717776
1.055337
0.7564623
0.2671207
0.2400905
0.1904055
-1.378755
0.3332603
-0.3010322
-0.1629964
-0.7138189
-0.6129501
-0.7299515
0.101552
-0.5006075
-0.6637747
-1.285319
-1.554533
-1.533489
-1.637553
-1.34731
-0.8841246
0.6007056
0.3442908
0.4513536
-0.2077907
1.203713
0.6819285
0.5440646
2.405437
1.938885
2.149937
1.677546
1.465873
0.3468449
0.2458426
-0.3938119
-0.392107
-0.9467914
-0.7835867
-0.5748154
0.09999187
-1.539144
-0.9904624
-1.04881
-0.1903826
-0.2574327
-0.3131493
-1.260302
-2.093006
-0.9694019
-1.70058
-0.5196715
0.9460003
1.132814
0.859771
-0.6271148
-0.2011457
0.5351678
0.5482614
0.459653
0.04561274
0.3946853
0.1026514
0.8419337
0.4218938
2.833725
1.529579
0.3669615
0.218782
-0.4190384
-0.1046934
0.1685381
0.9074528
0.05056474
-0.1047971
-1.034504
1.217175
-1.167959
0.4029639
-0.3389533
-0.419609
0.07028975
-0.4073713
1.511383
1.425784
1.437601
0.4260495
1.445642
-1.726562
-0.6655207
-0.07077418
0.5787843
0.2947961
-0.6601689
-1.009203
-1.200097
-1.802338
-2.088976
-1.08252
-2.447
-0.9755142
-1.716502
-0.766261
-1.637614
-1.08852
-0.8208683
-0.7309819
-1.384307
-0.5986746
0.5077942
-1.421784
0.440001
0.84039
-0.2341816
-0.4710676
0.2326562
-0.5191067
-0.07780852
-0.3705701
-0.5357791
-0.7284552
0.3537663
-0.09888855
-0.7838914
-1.321292
-0.4546852
1.101763
-0.1785456
-0.1116229
0.6500528
0.3975599
0.3546243
0.6446958
1.407947
2.108893
1.605428
1.081767
1.489389
2.265782
1.706083
1.027691
0.09806117
0.5465332
0.1451367
0.3696553
0.8097349
0.02812977
-0.814906
-1.703769
0.0629665
0.3161059
0.3089814
-0.2428901
-0.1666256
0.01943366
0.260581
-0.7797833
-0.1188195
1.67977
0.916583
0.1111252
-0.397467
0.7241622
0.4578217
-0.2164993
-0.7187197
-0.696004
-1.108892
0.5144722
-0.4434578
2.512444
0.6231366
-0.1054898
-0.08694373
-0.627407
-0.3009932
-0.6738995
-0.2686745
-0.6758973
-0.6553401
-0.5319868
-0.4165166
-0.09492522
1.229984
-1.110661
-0.7197967
-0.07966873
-0.1643292
-0.05823436
0.4366782
0.07548701
0.1075669
0.6180992
-0.06667596
0.3786251
1.584678
1.370199
-0.1138775
0.3172666
0.5621718
1.094572
0.9442459
1.484595
1.200446
1.446469
0.5335854
0.6933772
2.066203
0.6559074
2.678241
1.6589
2.247897
1.379838
0.139053
0.08746156
-0.169007
-1.625864
-0.2210612
0.1242197
0.2283451
-0.05020488
1.650007
0.9284341
0.03778128
-0.0650504
-2.142766
-2.308453
-1.057595
-1.108541
-1.117594
-1.267058
-1.864095
-0.8981119
-1.487726
-4.000278
-1.806581
-2.133568
