-2.682795
-0.6698706
0.8985949
-0.6476555
-0.001191131
-0.683769
-0.4489681
0.117248
-0.4468675
-0.7249435
-0.5380485
-0.02719725
1.287407
0.4840708
-0.9107311
-1.192677
-1.207937
-0.3409464
0.6685039
-1.117596
0.3074437
0.1818106
0.4226854
1.196507
0.3524918
-1.412243
-1.857305
-0.1978101
-0.7247414
-0.3280587
-0.5273587
0.4921582
-0.7166483
-0.6627858
-0.2880464
-0.9616407
0.8723235
0.9135878
0.1448078
1.502043
-0.2036781
0.5510937
0.6347216
-1.448151
-0.240565
0.4253246
-2.766342
-0.440524
-1.71424
-1.794472
-1.367923
-0.5403138
-0.5169885
0.02414603
-0.3615336
-0.545597
-0.6593981
0.4437399
0.9348191
0.9858811
3.007911
1.867671
1.978839
1.431216
0.01134469
0.5975363
1.102423
1.76401
1.833097
0.7073066
0.7540342
2.03713
0.2040395
0.2207677
-1.630853
0.7771481
-0.4517764
0.1901969
0.1772621
-0.07048523
-0.0372359
0.2883312
0.2005815
0.6054474
-0.1769686
1.746049
0.2982391
-1.033307
-0.50292
0.8045532
-0.822897
-0.6685244
-0.6686462
0.2764784
-1.006114
-2.551224
-0.6358018
-2.293694
-0.7439046
-2.137467
-1.541865
-1.119882
-2.253054
-1.256817
-0.5740609
-1.107716
0.4441391
-2.063048
-1.374281
0.5215238
-0.9073132
-0.2971703
0.4702856
1.003
-1.040046
-0.9611268
-0.5823526
0.4511841
0.9617659
-0.050662
1.094345
0.5461552
2.183561
0.2256429
1.407093
0.5911808
1.380348
1.763219
1.748769
1.311175
0.3705805
0.5572234
-1.293638
-0.9682809
-0.8271781
0.2801595
-0.302334
-0.2631406
0.2884925
0.06440634
0.5560965
0.4125288
-0.5130338
-0.03887112
0.6350698
-0.2099044
-1.537232
0.7230147
-1.129682
-0.1983455
0.7671161
-0.1224271
-0.4758751
0.3062283
-0.4827793
-0.3607255
-1.505539
-0.8872773
-2.63759
-1.350728
-0.2652115
-0.1986134
-0.1141357
0.3973967
1.087488
0.2539526
0.3953941
-1.103477
-0.2201037
1.146436
0.6500346
-0.2716032
-0.1980008
0.3547468
-0.05441289
1.03631
0.0008269514
-0.02079643
1.486465
1.105966
0.186893
1.460688
0.5307239
0.2935362
0.4463074
0.3712437
0.02670029
0.01843339
0.4154497
1.082436
-0.07552328
-1.173522
0.8806356
2.753494
2.519402
1.593227
1.958029
1.508143
2.225469
0.5817299
1.538648
1.976821
1.646961
3.141203
1.212289
1.768175
0.09768746
1.156498
1.023775
0.2252061
0.8369982
0.8849809
0.7524046
0.1346505
0.6253502
-0.1307718
1.604233
1.49199
-0.3809415
0.5712635
-0.393749
-0.1038067
-0.2999698
-0.7107698
-0.294986
-0.7905901
-0.1922389
-0.755154
-2.329697
-1.124118
-0.4350021
-0.9612135
-0.654549
-0.1481635
-0.3088005
0.166786
-1.054384
0.646386
1.52999
0.9804358
0.5072317
-0.6600478
0.2112885
1.146617
-0.2322466
1.439868
0.4230596
-0.4184279
-0.4048054
-0.6935435
1.148878
1.228276
0.9633912
0.6114271
0.2364653
-1.547814
-0.5257775
-1.703653
0.9175171
-1.250582
-0.03051713
-0.9248561
-0.02450757
-0.3037464
0.9866443
-0.9282455
0.2678944
-1.424665
0.9423248
-0.05294593
0.2100049
-0.5718796
-0.5312356
0.2950703
0.1244641
-0.6399975
0.6869603
-0.5290493
-0.3151425
0.0154611
-0.2013241
-1.627002
-0.786035
-1.456882
-0.8298201
-1.272247
-1.325404
-1.8449
-0.351382
-0.02585519
0.3433887
-0.2149534
-0.5466017
-0.417881
-0.6365766
0.3870237
-0.2909459
0.02717319
-0.8993421
-0.6653302
0.3812652
0.3750496
-0.343982
-1.065095
0.3897066
-0.8173644
0.453991
-0.04975195
0.02748041
-0.5699722
0.2564076
0.6968927
0.4972681
-1.191994
0.3641171
-1.479362
0.3226118
-0.1478884
0.0866146
0.2561546
0.2778386
0.8193361
1.196515
1.596449
0.7271007
0.232374
1.803869
2.052442
2.246777
1.164461
1.274336
0.8041528
0.9099764
0.01863382
0.3843636
0.9102042
-1.07124
-0.02988143
0.756832
0.7289075
0.5620816
-0.3694595
0.4931773
-0.1084418
0.1422852
-0.1284955
-1.005252
-0.1807504
-2.089296
1.286005
0.9473305
-0.6789785
0.143218
-0.3421593
-0.6024615
-0.6204146
-0.5209333
-1.00372
-0.0870248
1.459934
-0.9414778
-1.030331
0.2881745
-1.030466
0.324687
-1.141873
-1.162614
-0.1407284
-0.7716551
-1.552607
-2.138487
-1.675835
-0.5490762
-2.458924
-2.088565
0.6879285
0.4477625
0.5863979
-0.7501255
-0.01222641
-0.8644798
0.2013857
0.02190412
0.3015052
0.08640157
0.6779068
0.5119832
0.7493963
0.07908251
-0.5798872
-0.7873476
-0.246552
-0.1315014
0.2842931
-1.04557
0.3312291
0.1844146
-0.6508427
0.3886993
1.214089
0.1608787
-0.34084
-0.3245701
0.3006863
0.4157827
0.2325135
0.2423695
-0.7184906
-1.287979
-0.8155013
-0.2622315
0.4106046
-0.4606279
0.07412668
-1.439043
1.17711
-0.9021974
0.08168227
-0.3098708
0.6870159
0.919639
1.774451
-0.4406103
2.057094
1.602633
1.736457
0.9936106
0.9206951
1.235697
1.375541
0.6600778
0.5393013
0.704419
0.5439117
-1.066893
-0.1714533
-1.691273
-1.911657
-1.093569
-1.777547
-0.5614563
-2.923908
-1.43169
-1.870581
-1.423263
-2.024311
0.3180253
-1.56395
0.5528748
0.3636546
0.3543285
1.111191
1.136779
0.6754105
0.4363775
0.1912891
0.5963619
-0.4768173
1.459669
0.1059922
-1.798494
0.03089082
-0.5445277
0.004627683
-0.8432058
-1.002273
-0.3515505
-0.3153685
0.9396254
-0.344607
0.4709971
0.02550599
0.423709
1.208529
1.054574
1.341689
0.1066707
0.5511311
0.3426487
-0.5510148
