-0.2703581
1.157119
0.6673104
-0.02246057
0.9414628
1.371203
0.744373
0.5711275
1.047119
0.8074001
0.662993
2.584813
-1.938562
-1.652448
-2.760697
-2.189817
-1.297538
-0.4650193
-0.4700913
-0.5361584
-0.6970489
-0.9416142
-0.2364387
-0.5726542
1.542466
0.2779763
0.5383471
1.452505
0.5396332
0.3789292
0.2692178
0.007411422
0.1815739
-0.3930025
-0.4509785
1.636527
-0.2382058
1.101636
-0.98211
1.047241
0.1670914
0.2207144
-0.04658609
0.1978666
0.001632469
-0.713797
0.09072534
1.396907
1.723974
-0.003107323
0.6098917
-0.7587268
-0.5722936
-0.8764091
-0.7150544
-0.1575287
-0.07133213
-0.1263326
1.792304
1.450758
0.5186648
-1.308021
-0.6337644
-1.282031
0.2699022
-0.005720734
-0.1401147
-0.1551572
0.08171159
-0.6201105
-1.240098
-1.356833
-1.995767
-2.918529
-1.693184
-0.1433622
-0.3676566
-0.2395813
-0.3837622
-0.04461305
-0.5513341
-0.2959871
-0.499911
-1.404756
-0.6579312
-0.5581058
-0.4763864
-0.9479008
-0.7331318
-0.469364
-0.3128336
-0.5376025
-0.4064016
-0.6998166
-0.06802604
-0.7636464
-0.1205774
0.8072756
-0.8346128
-0.3049062
0.003905074
-0.6600862
-0.2471023
0.1291662
0.1924794
0.1173364
-1.33842
1.044305
0.183647
-2.109476
-1.312966
-0.5641658
-0.8059366
-0.5367994
-0.3474779
-0.2199502
0.3470621
0.09106375
0.6926436
1.374634
1.642434
2.458912
1.871349
0.03971272
0.2202538
-0.7081418
-0.2512129
-0.1323109
-0.2516668
0.4642384
0.5331472
1.275861
-1.989672
0.1049816
2.058713
-0.4075125
0.2348416
-0.4006445
-0.2735611
-0.3195798
-0.67099
0.4535705
0.07785012
0.5142998
0.7094285
-1.108668
-1.963064
0.038213
-0.1493922
-0.08779374
0.1689843
0.07195045
0.2080365
0.1882024
0.3445034
-1.091672
1.952786
1.347038
-0.08044028
-0.7165029
0.493602
-0.6115503
-0.09663226
0.03107248
-0.6832442
0.05487939
-0.7355982
0.7373605
1.676838
1.855399
1.411994
-0.2759345
-0.2980252
-0.1009157
0.2501398
-0.05432509
-0.07461628
0.3247291
-1.156175
-0.02014796
-0.03738039
-0.05994795
0.2045497
0.6002524
0.4988398
0.9348757
1.031535
0.8780494
0.6765565
0.9484662
1.208789
-0.3675343
2.155817
2.648616
0.5519423
0.2243877
-0.344472
-0.288533
-0.126255
0.3647063
0.1025889
0.8867229
1.859764
1.452409
0.3120494
0.6379386
0.1289361
-0.2826325
0.4439399
-0.1470105
0.6480689
-0.2588489
-0.4503774
-0.005146447
0.4131941
0.6436426
1.624517
2.097044
1.910726
2.511991
1.129644
0.4339844
0.4100128
0.7185869
0.6851947
1.345929
1.048167
0.6422144
-1.053296
1.110543
0.124445
-0.295639
-0.8320143
-0.8901608
-0.1688342
0.04181374
-0.7122924
-0.5849676
-2.571095
0.2138368
-0.1673037
0.8164011
-3.275914
-0.5238275
0.1328733
-0.8591518
0.38066
-0.4677576
-0.3814304
-0.2627756
-0.2160789
0.4005324
-1.374496
-0.3446214
-0.3907326
-0.173604
-0.2335139
-0.02691122
-0.7087242
-0.261375
-0.4053188
-1.617194
-2.616365
-2.624743
-1.018077
-0.5209549
0.1840074
0.295035
0.7725815
0.9377958
0.3789545
0.7058147
0.2096642
0.4220279
2.160803
-0.2339656
2.384887
2.447998
1.746655
-0.3854114
0.4336057
0.005090661
0.009742763
-0.1076688
-0.03952564
-0.9100063
-0.4489064
-2.023994
0.0996514
0.09037162
0.2670248
-0.347005
-0.3397883
-0.08819825
-0.3501752
-0.2175701
-0.02039783
-0.1678823
-1.269521
0.8785619
1.173212
1.084412
0.1932829
0.2691438
0.3839966
0.8003575
0.190997
0.001137672
0.6289611
0.6531258
2.08266
-0.9031265
0.4052923
-2.656897
-0.2975
-0.1229619
-0.3073484
-0.08829419
0.189854
-0.2537713
0.4108428
0.5255767
0.7485343
-1.5069
-2.558348
-1.0785
-0.5173704
-1.446191
-0.4725964
0.1650852
0.008416154
-0.1667845
0.4056951
-0.2492475
-0.0307494
0.8410059
1.492349
-1.110903
-1.119509
0.1825372
-0.3935637
-0.4397479
-0.2474233
-0.06698237
0.09040953
-0.3671365
-0.1572453
0.1667289
-1.275036
0.6530725
1.819725
-0.3183784
-0.432066
0.1253562
-0.2463263
-0.3863392
-0.3040926
0.5562695
0.5831068
-0.1639375
0.2203702
-1.761338
-0.5833071
0.8658127
0.03649142
-0.4293428
-0.1677963
-0.1220266
0.07339422
-0.08411781
-1.512879
-2.527232
-1.547396
-2.470931
-1.1495
-0.827229
0.07643591
0.6493949
0.4817213
0.3597447
0.3190412
0.3050943
1.306873
-1.787391
-1.400245
-0.2437693
0.395422
1.106358
0.3396676
0.6623801
0.103126
0.3640227
0.003675472
1.098302
0.01527311
-0.2619709
-1.042454
-1.214526
-0.4655415
0.4634999
0.4698239
0.6015075
0.4855853
-0.1101858
0.6932219
-0.06674653
-0.3864064
-2.583609
-1.468717
-1.475356
-1.385094
-0.4436749
0.06299405
0.02848854
-0.108598
0.178138
-0.4293343
-0.03879058
1.568371
1.617623
-0.6700355
-1.393027
1.345008
1.458666
0.05972126
0.04517951
-0.1132738
0.002936562
-0.2838555
-0.4683922
0.2710531
0.4387971
2.320756
2.469385
1.512772
1.041648
0.8415312
0.5391021
0.5783975
0.6067472
0.3917176
0.7089672
0.2790688
2.390891
0.7214112
2.174011
2.33439
1.733279
0.5849068
1.040867
0.9340258
0.9139841
1.595311
-0.3817105
-0.6889389
1.336729
0.2319508
1.027614
1.600347
0.5610207
-0.04653601
0.3624898
-0.1082698
-0.1706448
-0.4023707
-0.4009
-0.276842
0.1798078
-2.332981
-2.430993
-1.596618
-1.140939
-1.529804
-0.8893886
-1.628093
-1.379517
-1.480719
-0.5151112
-1.786066
-2.959474
