-1.591237
-1.345241
-1.525784
-1.689407
-1.692011
-1.071385
-0.594246
-0.6086298
-0.3844118
-1.946535
-1.572119
-2.02881
0.9265348
1.256687
0.8406317
0.9634162
-0.02298296
0.9481438
-0.2646394
0.1144925
0.8144202
2.263429
1.601827
1.389454
-0.9436743
-1.087418
-0.7039067
-1.437206
-1.001919
-0.2644482
-1.731029
-1.313903
-0.7997718
-0.4661982
-0.5261613
-0.6913538
0.1695494
0.3310396
0.3540336
0.3169314
-0.1056859
0.5416782
0.3032766
0.0124256
-0.2770674
0.3768587
-0.3403985
-0.1957634
-0.04294425
0.1108134
-0.01766488
0.3342893
-0.5574235
-0.5044433
0.7654279
0.6539472
-0.5526156
-0.1784471
0.1672093
0.5835937
-0.3545413
0.03294439
-0.2905144
0.1513446
-0.746392
-0.009172569
0.4620763
1.126285
-0.1433925
-0.4175265
-0.08509783
-0.5099918
0.1817035
0.2264517
0.3063344
0.3287304
0.8614638
0.7201717
0.004172536
1.581315
0.1009091
0.688997
0.6281075
0.5752969
0.841345
0.7110687
1.285951
1.249488
0.5105171
0.7233427
1.1715
-0.5899912
0.1552732
0.9957979
0.6156223
0.7854912
-1.056639
-0.8602682
-0.8236983
-1.109074
-0.9084929
-1.286193
-1.226056
-0.2640601
0.01981654
-0.5234423
-0.9972084
-0.8855616
0.7315087
0.7538784
0.5858997
0.939435
0.7630759
-0.51877
1.032793
1.99587
1.172621
1.654897
1.356794
0.8837384
0.1469979
-0.2683269
0.2278012
-0.7526493
0.9196256
1.013638
1.707836
2.136255
1.38243
0.6074607
0.1748904
0.1359354
0.735485
1.031938
0.6830994
0.9954753
0.6407459
2.00896
-0.9584934
1.793172
1.641129
0.2792165
1.009141
1.023029
0.8781826
0.9626176
0.467461
1.255152
0.1816505
-0.8273904
-0.4876255
-0.110492
1.362772
0.9998738
1.414254
0.4655157
-0.175194
0.1019111
-0.7528304
-0.1641582
-0.4962373
-0.5784888
-0.1494965
1.452989
1.27709
1.281464
0.6393316
0.6225452
0.1375716
-0.0875382
0.1975878
0.1221026
-0.05064721
-0.4687863
0.5912658
-0.1918104
-0.8227013
-0.187116
0.07073823
0.09128951
-0.2203078
-0.671192
-0.3563485
-1.164499
-0.518108
-0.8181919
-1.752073
-0.09980355
-0.923958
-1.182552
-0.6439648
-1.031772
-0.5018415
-0.7680866
-0.5342438
-0.8964593
0.007818131
0.1295092
0.3346789
-1.155372
-0.1383736
-0.4678653
-0.482123
-0.3736676
-0.7413309
-1.0333
-1.006206
-0.8976528
-0.1838187
0.1331188
-2.126323
-1.210846
-2.776772
-1.152249
-1.087554
-0.9204938
-1.088103
-1.462321
-1.891723
-1.708027
-1.429052
-2.376901
-1.479218
-1.603422
-2.273911
-1.541265
-1.990067
-1.616365
0.9555265
0.6551929
0.5543794
0.4405573
-0.3719919
-0.02294217
0.1168936
-0.06330846
-0.1076918
0.8657606
0.6475691
0.7932843
0.3340694
0.230518
0.6773324
0.473509
1.119079
0.3590733
0.1794017
-0.8942735
-0.431119
0.8741115
0.2716447
0.7824793
1.403827
1.001323
1.394847
1.598629
1.52338
0.9529861
1.411401
0.5127949
0.6217663
0.6285399
0.6130823
0.9810554
-0.6033857
-0.8858716
-0.6195484
-1.075312
-0.562737
-1.878048
-2.258351
-0.892899
-0.4400274
-1.077723
-0.6898751
-0.9753207
0.3735952
0.8922706
-0.1308036
-0.3413984
-0.7700327
-1.528412
-0.3190819
-0.4640012
0.275061
-0.8146923
0.5006571
0.04886505
0.6897116
0.9482255
0.646051
0.486721
0.4155766
0.3196805
0.6238172
-0.1193422
1.051498
0.6270406
0.1911897
0.6798791
-0.367681
-0.7455193
-0.8697441
-0.418
0.2241495
-0.5306772
1.162186
-0.1943393
-0.739793
-1.10199
-0.4759952
-0.6592231
0.09580415
0.2781498
0.5223395
0.2645996
0.5258549
-0.1595966
-0.6740058
-0.3102819
0.485229
0.3958174
0.6731194
0.3399727
-0.1932937
0.1352998
0.3241498
0.4871435
0.1442455
0.4529126
0.8412629
-1.843001
-0.3503712
0.3653128
-0.3116526
0.1935851
1.161922
1.272219
0.9883608
1.014924
1.336964
1.073525
0.7331996
0.8822502
2.380412
0.8850987
0.7919057
1.366356
0.8816697
0.9330421
0.5073174
0.2441654
1.207261
0.7590383
0.240975
0.7181502
1.022485
0.7746269
0.6832684
0.576295
0.1597734
0.3777915
0.5773638
0.8066301
-0.02873221
-0.5353574
-0.9944081
0.6150224
0.9834643
-0.289028
0.1716231
0.07585213
-0.6139638
-0.478774
-0.568037
-0.646004
-0.2168008
1.708006
0.8633147
0.5689375
-0.5450978
-0.07591742
-0.1421937
-0.402633
-0.1051864
-0.1079206
0.1209757
-0.4464047
0.0665705
-0.8871762
-0.6606467
-1.264141
-0.5110375
-0.48814
-0.02867411
-0.1521796
-0.4380814
-0.5510746
-0.2619654
0.001052952
-0.5463375
-0.1649687
0.4438235
-1.033802
-0.9101852
-1.161531
-1.180691
-0.8561608
0.02994437
0.4682903
0.6096998
0.8395355
0.5422935
0.9545178
1.252173
0.5300875
0.2552793
0.9536539
0.2976282
0.1488662
-0.1841027
-0.3676478
0.03669954
0.7764017
0.5786136
0.9880451
0.8015468
-0.6360714
-0.2939308
-0.09141814
0.02132402
-0.2828586
-0.9282379
-0.6538379
-0.8941516
-0.5879204
-0.5667925
-0.5884721
-0.6416136
-0.7795555
-1.257216
-1.7831
-1.715976
-1.203828
-2.073931
-1.970105
-2.352393
-2.294696
-2.390752
-1.60021
-1.88537
-3.079453
-2.316499
-3.024219
-2.407464
-2.133674
-0.294293
-0.6663308
-0.2192305
-0.7269892
-0.2856722
0.9848461
0.6991037
0.9659333
-0.2316611
-0.8211578
-0.6263266
-0.366725
2.036983
1.587055
2.138493
2.42786
1.982314
1.881633
2.429689
2.966236
2.06354
3.048094
2.470766
2.388502
