0.8447356
0.5251997
0.6874968
0.5805232
0.3591502
0.5305829
0.4772965
0.2380686
0.1605373
0.4707374
1.086341
0.9548155
0.8071908
1.113736
0.4472012
-0.1331032
0.1117679
-0.06902595
-0.008142081
-0.1607369
0.05499424
0.3300363
0.3459606
-0.1947487
-0.4125684
-0.180508
-0.2031422
-0.1007064
-0.3331932
-0.3998031
-0.4533608
-0.7303152
-1.032521
-0.5605844
-1.006735
-0.3751604
1.303932
0.6848906
0.9788563
0.5097122
0.2591085
-0.2862621
-0.02154873
-0.4963909
-0.6713538
-1.040254
-0.9569228
-1.270064
-1.144834
-2.010817
-1.258634
-0.2906187
-0.612748
-0.1421871
0.2275094
0.6064311
1.136351
1.54143
2.017245
2.024069
0.557901
0.5644011
1.328491
1.242092
0.8805511
1.079603
1.255613
1.389073
1.470828
1.156084
1.789202
2.809557
2.797789
2.393286
1.505968
1.234228
1.349642
1.041268
1.027265
0.9590054
1.133599
1.153203
1.090979
1.417102
0.9011061
0.6193677
0.5527128
-0.1584872
-0.3290265
-0.5122396
-1.03948
-1.237708
-1.064711
-0.5473408
-0.9958112
-1.022322
-0.7390577
-1.26544
-1.706112
-1.987233
-1.849095
-1.708852
-1.731595
-1.514421
-1.755698
-1.740458
-1.234745
-0.9170122
-0.5988298
0.276612
-0.6179194
-0.921819
-0.2093752
0.4415593
0.2742222
0.33436
0.1642621
0.5517632
0.8047113
1.338119
1.895819
0.7452468
0.2586875
0.02527535
0.1146682
-0.1621774
0.01748215
0.2344684
0.4193061
0.5947171
0.9418806
-0.4673274
-0.2525541
0.5434359
1.018468
0.3167243
0.296899
0.1272239
0.1203791
0.1436761
0.1861926
0.6032839
0.9148215
1.04015
1.841288
1.744422
1.795398
2.003416
1.285959
0.7626623
0.8529429
1.012861
1.065864
0.4672324
0.271455
-0.3882943
-0.6218519
-0.6113812
-1.502665
-1.769933
-2.078041
-0.9076205
-0.5037025
-0.393899
-0.2111482
-0.2622985
0.6640326
0.5803344
-1.482041
-2.252637
-2.012381
-2.519076
-2.218049
-1.859089
-1.349966
-1.158334
-1.274823
-1.094856
-1.118958
-1.676484
0.493156
0.5138914
0.1881334
-0.3132853
-0.4949347
-0.6395342
-0.4638284
0.06432945
-0.3930919
-0.73975
-0.279338
-0.5031283
-0.5812395
0.0008436848
0.4541285
1.096393
0.6262351
0.1254386
0.08417166
0.1325072
0.0167378
0.5844772
0.9993851
1.481064
0.2055583
0.1872266
-0.3570865
-0.05477378
-0.3417716
-0.7946528
-0.576871
-0.6670995
-0.2567574
-0.5682438
-0.6887024
-0.300862
0.1000037
-0.03622094
0.513895
-0.02800899
-0.8712016
-0.6317722
-0.882007
-1.511001
-1.499698
-1.517607
-1.743603
-0.9644553
-3.468724
-1.83964
-1.665679
-1.102003
-1.316578
-0.6076451
-0.4486586
-0.6345287
-0.5598224
-0.1518256
-0.06165522
0.002102118
1.710712
1.418542
1.238114
1.715766
1.175283
1.316437
1.19563
1.038858
1.282562
1.396649
1.631437
0.7304109
-0.7232462
-1.201904
-1.193977
-0.8541266
-0.1751424
-0.3097325
0.1354963
0.1732056
0.03849358
-0.1443025
-0.6156373
-0.3981387
-0.4515837
-0.7647155
-0.7463301
-0.4266659
0.5452563
0.2073948
0.2185235
0.3379359
0.5609711
0.7568364
0.6209019
1.362835
1.103693
0.6105819
0.3129497
-0.1630485
-0.1638259
-0.4285086
-0.3671855
-0.5115409
-0.3270732
-0.9638088
-1.672593
-1.305525
-1.297251
-1.623683
-0.959663
-0.4224294
-0.1477173
-0.0717423
-0.411566
-0.4867388
-0.4463882
-0.7494404
-1.065242
-1.202083
0.01846426
0.2464598
-0.3903952
-0.9116336
-0.1954708
-0.05730934
0.1666817
0.09937176
-0.3583152
-0.4093531
-0.1510706
-1.556206
-1.853337
-0.01256988
-0.1411194
-0.3581863
-0.9035944
-0.6185337
-0.4467629
-0.2628048
-0.08800358
-0.03416012
0.4090315
0.6648384
-0.3900761
-0.1237097
-0.89305
-0.3819339
-0.1554842
-0.4475608
-0.9905499
-1.277876
-1.298979
-1.761903
-1.883464
-2.896585
-2.054036
-1.61428
-1.283285
-0.927835
-0.4018282
-0.188494
-0.5267825
0.05432836
0.2894779
0.1554239
0.04357688
0.3744353
0.6530681
0.7228357
0.3242946
0.7127103
0.004862933
-0.4253229
-0.7776657
-0.7216709
-0.5190548
-0.4568985
-0.3699042
0.2790447
1.959099
1.451953
1.485616
1.167405
1.000664
0.5451894
0.384801
0.3752588
0.2997258
0.4688127
-0.8595197
-1.068244
-1.99894
-1.057904
-0.7644412
-0.7317739
0.003381804
0.7919961
0.9667654
1.19592
1.128154
0.8502092
0.6280478
0.6291748
0.7535874
0.7125297
0.8676389
0.4765734
0.5744914
0.7457983
0.4995148
0.356418
0.1793924
0.260709
0.2425376
-0.09407977
0.2995158
-0.6376472
-0.2271364
0.4425272
0.6789942
0.1635007
0.09862354
0.2892422
0.3841323
0.3788475
-0.1231334
0.1053605
1.074608
1.198418
1.083646
1.43625
1.519479
1.486528
1.669392
1.878232
1.341685
1.488163
1.574245
1.724154
0.9045107
0.4183729
0.4222414
1.056228
1.248227
1.171391
1.001997
0.9018824
0.858191
0.2006435
-0.343031
-0.376844
-0.6436313
-0.9020826
-0.3941716
-0.6517159
-0.7753378
-1.214138
-1.660733
-1.641044
-1.85616
-2.140454
-2.14086
-2.043332
-2.268607
-1.289338
-0.6583866
-0.2954341
0.4165115
0.7015654
0.8362636
0.5225073
0.2224364
0.3760467
0.02968314
-0.4595582
-1.304644
-1.474371
-0.6471513
0.04287837
-0.02213077
0.1685091
0.214821
0.1992455
0.2815067
0.2557405
0.6100494
1.283349
2.112928
2.248604
2.192044
1.46882
1.157802
1.080329
0.9305252
0.8548316
0.9144824
0.8095138
0.552799
0.6276878
