-0.03864595
-0.69334
0.2611544
0.4800811
-0.3375001
0.9674855
-0.8366691
-1.221285
-0.9165078
-1.19583
-0.6140012
-1.297019
-0.3826626
-1.583403
1.405916
-0.264433
0.7658393
1.204964
0.8654644
1.355763
0.5143813
0.5596333
0.1327909
-0.322165
-2.170467
-0.7125902
-1.073494
-0.3680451
-1.02453
-0.8773748
-0.1715474
-1.367285
-1.204272
-0.7525661
-1.31989
-1.925611
1.808788
0.983969
1.05367
0.9727914
1.390482
0.4776904
0.5223189
1.064957
0.9270673
0.194927
0.1456127
-0.4835622
-2.074839
-2.951909
-2.156845
0.3132619
0.652786
0.1877728
0.02731454
1.100297
1.407628
1.038029
-0.6318945
0.3062347
-0.009689729
-1.67953
-1.798232
-1.457914
-1.55519
-1.560688
-1.743201
-1.494018
-1.75361
-1.623104
-2.144065
-0.8498022
0.6680682
1.247385
1.487346
0.2667015
0.2019005
0.0851673
-0.3166331
0.7928125
1.140228
0.372364
0.1401315
0.4593198
-1.087091
-1.630847
-0.1931177
0.804894
-0.6560389
-0.0545974
0.9727184
0.1886999
0.7509516
0.3735286
1.389354
0.1103972
-0.4706505
-0.6614625
-1.284998
-0.6390405
-0.5574036
0.1174359
-0.4787243
0.2714468
-0.06434681
0.510075
0.3970506
-0.05920834
-0.4577271
0.4838884
0.5740419
-0.8982242
-0.333541
-0.8027117
-0.3721767
-0.5309396
0.181319
-0.4638256
-0.6925771
0.9524336
2.359718
2.809286
-0.2037276
0.3870941
1.285392
0.5084032
1.098981
0.5860054
0.6127926
0.8024296
0.5359652
0.6029528
1.578732
1.781652
1.095888
-0.03591111
0.801414
0.6804118
0.4767171
0.5921487
1.111015
0.8602394
1.205657
2.039464
1.589805
-0.4427545
0.9075865
0.7851873
0.6020916
0.698987
0.4252741
0.0334712
1.005094
0.4597665
0.5781785
-0.143485
-1.273861
-1.566347
0.6677323
-0.7875493
-0.1484562
0.3087369
0.7709123
1.386887
0.6910251
0.1383195
0.6318985
1.50264
-0.5617289
-1.155976
-0.7550274
-1.280755
-1.669263
-0.784503
0.0838265
-0.07671276
0.555794
-0.1438911
0.9485965
-0.2003443
0.3865843
-0.1133815
0.4572117
-0.2157139
-0.7457061
-0.05323295
-0.5232848
-0.2936337
-0.4497897
-0.5206302
0.500197
-0.536901
-2.87387
-0.3802011
-1.928574
-0.9598418
-0.5623183
-0.8149791
-0.7109593
-0.6066286
-0.9805841
0.01128722
-1.13221
-1.634965
0.03730058
-0.6243955
-0.04054452
-0.6830617
0.4476868
0.6453319
0.9983206
0.1136482
-0.07892627
0.08057907
0.2876706
-1.550871
0.4979788
2.768394
1.448338
0.3159298
0.2001766
0.2558654
0.4942049
0.6155558
-0.1751975
0.3823951
-0.3896836
0.4246829
-1.92475
-2.356294
-0.05217914
0.9886631
1.255088
1.802987
0.7139021
1.01122
0.3866247
1.059864
0.5475489
2.097472
1.849828
0.4289689
1.002964
2.168457
1.492399
0.8739728
1.765895
0.6609492
1.121215
1.691301
0.2704463
2.510968
0.8156482
0.06683666
0.1257231
-0.26555
-0.9954413
-0.4616166
-0.4069829
0.20838
-0.6878164
-0.3854475
0.7619898
-0.1584731
0.1054953
0.7757279
-0.1256023
0.2155358
-0.3158947
-0.1581414
0.04425987
-0.5012356
-1.007286
0.5020466
-1.566343
-1.045323
1.130091
1.140543
0.6599836
0.3492407
0.2139726
-0.3290919
0.2609413
0.6127668
-0.2258937
0.7164332
-0.7862359
-1.384124
-0.9778602
0.9286292
-0.6093366
-0.04616093
0.1259213
-0.2902004
0.136209
0.5069031
-0.001797874
-0.6397419
1.017513
-0.9502627
-0.768715
-0.5497225
0.5903897
-0.3197613
0.1344448
0.01677687
-1.036393
-0.7767221
-0.306473
-0.3021668
0.8871354
0.4028427
-1.144237
-0.2114587
-1.642134
-0.580364
-1.658469
-0.9329063
-1.039476
-1.114418
0.5063995
-1.029616
-0.1487941
-1.52473
0.7400011
2.305796
0.5751934
0.5665743
0.5237407
0.8078511
0.7886826
0.9050646
0.8478484
1.251219
-0.3927303
0.9049872
1.732648
-0.2983012
0.2291388
-0.2827577
-0.2528949
-0.5349132
-0.9878154
-0.1519889
0.6296352
0.02301282
0.1136033
0.7461129
0.6085433
0.3953812
0.9231719
0.3038464
0.01653185
0.06264612
-0.6767544
-1.236711
-0.389104
0.344378
0.1274946
0.3588429
2.439419
1.493478
1.827417
1.578932
-0.3551474
-0.05877402
0.222759
0.1658957
-0.03527693
-0.4186844
-0.1134528
-0.6682931
-2.368411
-1.765957
0.1164787
0.4033015
1.166929
0.887973
1.125207
1.026276
-0.09012534
0.6252245
1.21242
-1.299591
-1.080091
-1.030995
-2.461458
-1.586247
-1.885541
-2.005693
-2.116054
-2.104369
-2.601344
-1.916947
-1.116584
0.3786169
-0.2697721
-0.07089778
-0.9122118
-1.280479
-0.3371157
-1.205842
-0.7999601
-0.9623126
0.1979436
-1.216505
-1.404134
-1.24722
2.023588
1.978352
0.08560509
0.7634904
0.475675
-0.0162472
-0.093071
-0.8243474
-0.9441449
1.179626
0.49033
1.740208
0.3045002
-0.5063744
-0.4485528
-0.04798145
-0.01416152
-0.09047409
-0.3394667
-0.4654288
-0.6949114
-1.289579
-0.3627079
-0.5749624
1.340315
0.805402
1.541869
1.81639
1.618557
0.9278625
0.8317716
0.8023267
0.7044881
-0.2607745
2.64331
1.003291
-2.367332
-1.26715
-1.682833
-0.8934181
-0.4013236
-0.06609063
-0.5379086
-0.2866241
0.1561506
-1.72737
-1.561788
0.3113255
0.31087
-0.09094083
0.484167
-0.6172464
0.4632444
-0.1876857
0.2694977
0.00204235
-0.262954
1.26729
-0.3968128
1.25766
-0.3141493
1.715585
-0.338161
-0.1022718
-0.1087739
-0.2593203
0.317077
0.08999243
-0.4447159
-0.3728436
0.04713501
0.03652142
