-1.176628
-1.887745
-1.452969
-1.353054
-1.245674
-1.025709
-0.7135385
-0.3079715
-0.3168373
0.01020693
0.06733567
0.1058676
-0.3149022
-0.6327594
-0.3536706
-0.709699
-0.7953423
-0.6616131
-0.3973497
-0.8595553
-0.5875336
-0.4822818
-1.117618
-1.031663
-1.091014
-1.12524
-1.582781
-1.448696
-1.233979
-1.027071
-1.046108
-1.062984
-1.019894
-1.270044
-0.6461434
-1.247287
-0.7139042
-0.1411155
0.05115209
0.1519236
0.1019859
0.004743977
0.2325089
0.3630553
0.3207761
0.5269717
0.7019841
1.090146
1.687746
1.679636
1.62923
1.405735
1.078083
1.143464
0.766584
1.185981
1.227982
1.030731
0.6810265
0.8639227
1.197193
1.543309
1.311965
0.5865429
0.4758517
1.024881
0.8853808
1.36195
1.341376
1.182433
1.079674
0.9484152
0.6756454
0.08490338
0.2164596
0.07152186
0.4430436
0.2431931
0.9015954
0.7219718
0.5992509
0.6829522
0.3634926
0.09595313
0.1952636
0.07031035
0.4574275
0.5161018
0.5099735
1.044975
0.6113864
0.4342981
-0.4480278
0.3422672
0.9753093
1.297747
0.3886422
-0.1641512
-0.4644949
-0.03975996
0.174541
-0.6452233
-0.6431609
-0.8965244
-0.4409649
0.1444463
0.3122649
-0.4447587
-0.355384
-0.2697183
-0.7232431
-0.8600534
-0.6044239
-0.3527601
-0.1393715
0.08738639
-0.4679789
-0.5020339
-0.6656417
-0.9728853
-0.352544
-0.2583129
0.08168574
0.6237096
0.7558822
0.502433
0.3078351
0.00876163
0.3670812
0.4138608
0.7294306
-0.0401355
0.5170894
0.9364888
0.8122966
1.305744
0.9862006
1.259485
1.598906
1.559054
1.361698
1.115531
0.6632852
0.6617612
1.796929
1.586183
1.691722
1.665218
1.374098
1.000545
0.9406054
1.427719
1.257023
0.9588189
1.244266
1.381653
0.9437813
1.181763
1.620585
1.849918
2.422562
2.232903
1.568156
1.696414
1.863487
1.232604
1.559406
1.661316
1.319626
1.139255
1.345702
1.317169
1.60813
0.7695802
0.3835512
0.2715515
0.04845104
0.2832591
0.8069075
1.126716
1.102956
0.9424471
0.9789156
1.20115
0.9062387
1.167587
1.526714
1.552644
0.8445413
-0.05199153
-0.07908388
0.8495523
0.873209
0.9667633
1.337056
0.8174837
-0.1709066
-0.3430482
-0.1847902
-0.07292473
0.5447333
0.6349496
-0.06916132
0.09142295
-0.6666349
-0.2584547
-0.3678011
-0.6683796
-0.7310516
-0.2443034
-0.5825241
-0.3595636
-0.4820275
-0.5397897
-0.422858
-0.5928428
-0.172651
0.005445694
0.1050541
-0.492772
-0.4975394
-0.4880969
-0.6527479
-0.1239231
-0.1343727
-0.6939605
-0.6838947
-0.7658366
-1.13768
-1.115652
-1.043611
-1.317897
-1.244516
-2.037238
-1.816043
-1.853888
-2.094126
-2.108821
-2.110886
-1.886535
-0.6957656
-0.7692449
-0.8376104
-1.104474
-1.193046
-0.9161988
-0.8706968
-1.173898
-0.8062143
-0.6789645
-0.3526801
-0.3530256
-0.4402921
-0.2234934
-0.6779004
-0.5801245
-0.3251494
0.1713251
-0.3631556
-0.7434693
-0.5810945
0.05662913
-0.09837366
-0.3953941
-0.1620234
-0.3368163
-0.7922332
-0.8569904
-0.7162757
-0.8999102
-0.805075
-0.5927185
-0.5652985
-0.6957526
-0.7496482
-0.6621174
-1.106073
-1.101776
-0.8063011
-0.2530493
-0.1607334
0.2154745
-0.03677294
-0.08546697
-0.3242324
-0.7207764
-0.5335407
-0.5163869
-1.090792
-0.7953448
-0.7285588
-0.6979764
-0.6802465
-0.7271173
-0.9017932
-0.7279153
-0.9134047
-1.289596
-0.837956
-0.8677288
-1.120354
-1.659338
-1.426911
-0.9891507
-0.4215131
-0.8477198
-0.6444978
-0.3848298
0.06639658
-0.2888461
-0.8407668
-0.8593055
-0.4041924
-0.3338686
-0.847365
-0.9797345
-1.088021
-1.620149
-1.324562
-1.124862
-0.8987916
-0.5597813
-0.6805075
-0.6124095
-0.7003896
-0.7635964
-1.08842
-1.107251
-1.171692
-1.076759
-0.9412995
-1.425745
-1.719489
-1.503666
-1.53689
-0.7345647
-0.8542622
-1.281875
-1.209991
-1.184451
-1.287073
-1.073703
-1.258015
-0.7978727
-0.9612428
-0.8082669
-0.9094124
-0.7403563
-0.5775042
-0.6030948
-0.6250538
-0.7536465
-1.28222
-1.318196
-1.271926
-1.606522
-1.353251
-0.9308066
-0.8470535
-0.9534801
-0.4375725
-0.3065883
-0.2038638
-0.08178639
0.5830448
0.6678582
0.1225217
0.7872039
1.141049
0.5613314
0.3666962
0.2519758
-0.6550477
-0.6744962
-1.132478
-1.112716
-1.586976
-1.741507
-1.446133
-1.91735
-2.282296
-1.704689
-1.64866
-2.014764
-2.168361
-1.716659
-1.222872
-0.6843991
-0.2476248
-0.3382106
-0.2572797
-0.3818277
-0.1712871
-0.13367
-0.4005919
-0.2095081
0.138243
0.2734645
0.458362
0.1951141
-0.2125801
-1.089422
-1.218348
-1.358109
-1.022831
-0.4700914
-0.3607311
0.1459582
0.09985822
0.1660033
-0.4761676
-0.4531633
-0.0272242
0.884651
1.447427
1.05408
1.384009
0.3086131
0.3734824
0.389726
0.669157
1.026247
1.350165
1.131006
0.8633093
0.6460912
0.3324072
0.1000424
0.4700003
0.9953971
0.9734812
1.41002
1.239634
1.247369
1.358591
1.544888
1.203714
1.836418
1.427632
1.370012
1.257204
1.415005
1.488855
1.478961
1.180808
0.985798
0.9609195
1.016629
0.8037672
0.8056951
1.072694
0.628347
0.7794356
1.07618
1.128686
0.7178788
0.8769783
0.8357996
0.8409845
0.754348
0.5085025
0.4900239
0.9400624
0.552408
0.2896475
0.731528
0.8305055
0.5336973
1.014591
1.360155
1.148791
1.356415
1.99204
2.318436
2.490805
2.825253
2.645881
2.034726
1.639259
1.277302
