-0.3347594
0.1634533
0.5252121
1.713328
-0.8798571
0.3508658
0.2621206
0.7544104
0.6611212
0.77926
-1.425822
-0.9011554
-0.4354089
-0.8523896
-1.340974
-1.420174
-1.713366
0.1743551
-1.279873
-0.8809933
-0.4017226
0.9498587
-0.7232655
-0.6312245
0.7249126
1.030008
-0.1881809
-1.615081
-0.5146906
1.455426
1.007014
1.366002
-0.4882845
0.2228233
2.924761
0.4856414
-0.5505091
0.05284628
1.248622
1.199169
-0.6315583
-0.4592049
-0.3272509
-1.650184
-1.279415
-1.692951
-1.445605
-0.3159445
-1.02638
-1.517173
-0.7394433
-0.593916
0.03602222
-0.191521
1.780768
0.6789508
-0.1845749
0.3978706
1.184484
0.0536833
-0.2827616
-0.3569034
0.03344194
0.6217264
-0.357563
-1.362872
-0.4658066
0.6115045
-0.2721826
-2.269177
-0.2303674
-0.4608461
0.2947807
0.8161909
1.059753
1.381837
0.2689957
-0.4355918
0.3890093
1.898056
2.155493
0.09134474
-0.1717473
1.720519
0.9991549
1.311614
0.7056634
-0.2356439
-1.772716
0.9400644
0.4003988
0.2355732
-0.2616824
-0.04877297
-1.08774
0.2486044
1.273587
-0.8592923
0.1622327
0.6798216
0.6211981
-0.4661538
-0.8573385
-1.091773
-0.8365465
-0.05714188
2.127489
0.8968452
-0.5139376
0.3971213
0.6916091
-0.6011664
0.1792047
0.8273328
-0.1564251
-1.124213
0.80085
0.1332945
0.9395366
0.4659213
0.6806965
0.7291385
0.2255473
-0.5045498
1.694425
1.462179
1.256146
0.4977844
1.044804
1.513663
-0.1706171
-1.327228
-0.381362
0.4735415
0.7040467
-0.8178965
0.7165392
1.283914
0.7178511
0.902306
-0.07728367
1.425896
1.617958
-0.2305112
0.9222617
0.06746724
-0.1016092
0.07194219
-0.9994755
-1.457047
-0.001356926
1.273126
0.3885119
-1.258631
0.07130653
-1.623907
0.5075778
-1.344082
-2.88595
-0.3830616
-0.9878424
-0.4228262
-0.2633129
0.6207047
0.7982994
1.266893
0.1020098
0.4184559
-1.564316
-0.983366
-1.365219
-0.9783272
0.2517066
-1.381839
0.3420373
-0.3385485
-0.0522748
-0.9917186
0.969786
-0.5224771
0.5697862
0.5464697
-1.272707
-0.6093928
-0.08638541
-0.8491751
-1.316352
1.164302
-0.2318413
-1.949837
-0.4666682
-1.737515
-0.203929
-0.5224883
-0.7208019
-0.01731058
-0.3348501
-1.192605
-0.9480569
-1.452905
-0.4159159
-0.7792674
0.5936096
0.02185166
0.8416792
0.7204093
0.990764
0.3421786
0.667767
-0.5348807
0.556714
0.1306955
1.205109
0.7344308
0.4594438
0.6905663
-0.1521182
-0.8934398
-1.359095
-1.115464
-1.704725
-1.530484
-0.9278714
-0.6669528
-1.478756
-1.61454
-1.907817
-1.41195
0.07276896
-1.382295
-0.5879874
-0.7488075
-1.350459
0.5282707
2.12936
1.634271
0.2552765
1.599223
1.101126
0.6361458
1.488485
1.613343
1.019109
1.33496
1.462049
-0.01637928
0.6798062
-0.7349652
-0.212505
1.338472
1.456959
1.799344
1.431082
0.2909646
0.7413905
1.026456
1.102516
0.3156563
1.109255
0.1106228
-0.9052281
0.0811702
-1.252437
0.4960744
-0.2438733
0.4043189
0.657563
0.3117068
1.797116
0.0690235
-1.320064
1.364234
1.067331
2.117391
2.589732
2.035553
1.319804
0.9003783
-1.858051
0.6630044
-1.423626
-0.9254192
-0.5773975
-1.749576
-1.597943
-2.278955
-1.687122
0.3161451
0.009686411
1.155831
-0.8665566
-0.3069752
0.01450416
-0.3188132
1.843504
1.212354
0.2963592
0.5542698
-1.568111
-0.5584497
0.4673187
-1.428414
0.05921795
-0.6437912
0.3868957
-0.3236092
-0.177462
-0.3837367
-0.5170829
-0.4124778
-0.561427
-0.6291237
0.1131989
0.3020764
-0.284111
-0.0947474
-1.099981
-1.080161
-1.494747
-0.8295511
-0.6927676
0.132659
-1.535243
-0.5341056
-1.167607
-0.9460177
0.3774787
-0.04247501
0.3168618
-1.858657
-1.743786
-2.148683
-1.955313
-0.8756787
-1.277488
-0.4859554
-0.631862
-1.054025
-0.1481111
-0.4300505
0.744121
0.2093862
-1.464983
1.120834
0.5278662
-0.6036132
-0.7341215
0.8441106
-0.3472537
0.1046196
0.3986098
0.5715253
0.5982862
0.5033317
-0.0654131
-0.1790981
1.041833
0.8688475
1.031639
0.8652803
1.083479
0.2162598
1.238825
0.4228242
1.379524
0.203646
-0.3644034
-0.4983684
1.846686
1.392163
-1.192856
0.6711841
-0.4244507
-1.233029
-0.6175299
0.747339
1.932824
1.693654
0.751084
1.101216
0.212279
2.275282
1.498653
1.271521
0.06538066
1.183765
0.7776551
0.486529
1.453449
0.4284668
-0.7850786
-1.130781
-1.179477
1.80543
-0.1205449
1.782206
-0.9764429
-0.5502602
0.2446527
1.181711
0.2638658
0.608371
1.12761
0.8043967
0.02566527
-1.118572
-1.221027
-2.315989
-0.4356568
-0.1915936
0.6288657
0.4215904
0.7730047
1.778778
1.229809
0.2292265
0.1611148
-0.04034941
0.4636743
-0.8125551
-1.352633
-1.11297
-0.8776018
-0.2884911
-0.09574281
0.2511535
-0.9054042
-2.35117
-1.242282
-1.298119
-0.7302577
-0.6845804
-0.0153735
1.000779
0.4210908
0.1892814
-0.9143399
0.03222556
-0.05669512
-0.4542374
-0.9023093
-1.231528
0.3405537
-0.9360456
-1.503597
0.6460427
1.027673
-1.242462
-1.532166
0.7732639
-1.196243
-1.259986
1.441509
-0.3203692
-0.6289775
-1.39846
-0.6695233
0.2633015
0.2321242
-0.3790258
0.7691091
0.3479778
1.389952
0.3534708
1.391953
-0.2419358
0.4017076
1.258983
0.4586751
0.9278024
1.11405
-0.2474137
-0.999828
0.5801483
-0.2867629
0.8314775
-0.1874352
-0.6672662
0.1736135
0.4282723
