-1.914276
-2.114468
-0.6718053
-0.5687783
0.6265602
0.5443161
1.134746
0.7437637
1.35868
0.03654014
1.245868
1.473323
-1.741335
-0.2055578
-1.743968
-0.4559631
-0.6319106
-0.5603361
-0.5516192
-0.3929408
-0.1274049
0.2160537
-1.511076
-0.2109396
3.385049
1.259865
-0.5619397
0.4823961
0.01679991
0.5220893
0.1936617
1.240989
0.414059
0.5853004
1.952839
1.596169
-1.767342
0.1386031
-1.63409
1.046849
0.3540587
0.03955968
0.3654728
0.1074839
0.2308953
-1.680832
-0.1945375
1.615498
2.016543
0.763482
0.6249544
-0.564326
-0.8501765
0.1513128
0.1043818
0.2618281
0.3065564
0.6868995
1.530534
0.9413397
2.585695
1.50427
0.5329363
-1.677597
0.3792938
0.3487479
0.7558972
0.4152708
0.6103727
-0.2414124
-1.767221
-0.245195
-1.754898
-2.561561
-0.427
-0.5371276
-0.8125838
0.338432
-0.2923338
0.122898
0.4186096
0.2199975
-0.05130968
-0.792442
-0.3454016
-0.6651986
0.04173606
-0.6684979
-0.7569662
-0.5476259
0.02466133
-0.3926672
-0.6348866
0.4115399
1.443107
-2.067231
-0.9466348
0.3268983
-0.3420649
-0.3616243
0.497442
-0.5140573
0.3497258
0.3080806
0.3527682
0.6124336
-0.9861674
0.1857067
0.2247197
-0.8838588
0.0653002
-1.416234
-0.2885374
-0.1630563
0.02194911
0.06771915
0.1422889
-0.31793
-0.2329829
1.275219
0.1380639
1.725421
1.495036
-0.5788245
0.678574
-0.007046029
0.3283009
0.1569905
0.002781973
0.1276855
0.01172985
0.08647015
-2.011723
0.2884158
1.335465
0.8975715
0.02465292
0.05798847
0.4798846
-0.09264446
-0.4351153
-0.6880955
-1.972862
-0.9730489
-0.1934113
-1.188195
-1.931693
0.5149944
0.3447043
0.1509315
0.2378695
-0.1163086
0.6664805
-0.2553341
0.2285236
-0.9666605
0.5002885
0.842689
0.3073
-1.825617
0.517167
-0.9379344
-0.2477825
0.06472292
-0.5120298
-1.437624
-1.424762
0.2379399
2.061225
0.9884433
0.7839112
-0.2570648
-0.1395808
0.5088184
0.3007374
0.2738829
-0.2959902
-0.3611323
-0.2422907
-0.2455263
-0.8852535
-2.544364
1.039295
0.1973367
-0.3249974
0.7018641
0.5058267
0.3044203
0.2963537
1.120172
-0.5709832
-0.1901351
2.288568
3.432604
1.143602
2.246398
0.3455003
-0.2852098
0.1823229
0.6178728
0.2786479
0.6851532
0.42482
0.0002789806
0.2794655
1.318216
1.033482
-0.09168714
-0.07257755
-0.1275339
0.6350411
-0.4345729
-0.931381
0.1313411
1.956692
-0.2988802
-0.3402719
0.4912049
1.433028
2.306949
0.8663526
0.03715299
-0.3357129
0.1468306
1.086923
1.399951
-0.1371225
-1.068659
-0.6430095
-1.841142
0.04159954
-1.621784
-0.8064681
-0.6955413
0.09663162
0.1784874
-1.436593
-1.824477
-3.19504
-0.6757046
-1.539045
1.093952
-2.452787
-0.817477
-0.3049037
-0.7994782
-0.2060281
-0.5642396
-0.53539
-0.1478611
-0.4261897
1.611745
-0.967386
0.9904312
0.3612118
0.230025
-0.1532657
0.02255339
-0.6318122
0.03076093
-0.6874575
-0.852095
-1.337624
-2.880354
-0.7305604
-0.4851
-0.6610108
-0.1819855
0.7874769
0.5906149
-0.035268
0.6313518
0.2951242
-0.1655275
1.712431
0.8901488
0.1592734
0.9793615
0.8872058
-0.2829509
-0.2695627
-0.01759377
-0.259908
-0.4368399
-0.8302051
-0.2982053
-0.2196389
-1.899312
-0.5892882
-0.7909937
-0.6527376
-0.3119643
0.2002362
-0.1705632
-0.5016488
0.5268195
-0.06445511
-0.02418709
-1.092353
1.109934
0.4863178
-0.0272515
-0.7100497
-0.8716065
0.1919725
0.1999638
0.2138437
-0.3279202
0.1458237
-0.02312211
1.593288
-0.7450581
1.53271
-0.06597506
-0.8388069
-0.3620792
0.4333798
-0.1232066
-0.147464
-0.3261449
0.3904642
0.6383754
1.3771
0.4470364
-1.83712
0.04817454
-0.486615
-1.282377
-0.05610894
0.497402
-0.08107159
-0.7086268
-0.05815367
-1.097857
-0.5506434
1.502418
2.333114
-3.221804
-0.1525584
1.37429
-0.7961387
-0.8988628
-0.1228169
-0.4725477
-0.3196861
0.5059292
0.04733426
0.09268392
0.9345331
1.236239
0.2507838
-0.6365979
-0.2485736
-0.5521851
-0.3884022
-0.3532522
-0.4052619
0.560868
0.9766595
0.5106202
0.6144788
-1.879144
-0.6781304
0.08772229
-0.5521061
-0.3853504
-0.3147509
-0.07161237
0.4766375
0.2387196
-0.2889221
-2.926414
-1.008521
-2.321834
-0.1157355
0.6675711
0.4020914
-0.2040792
-0.2891222
-0.1444246
-0.4358441
0.7480494
0.7336296
-1.962431
0.2584459
-1.012637
1.591622
1.655079
0.8953676
0.5908698
-0.5096209
-0.2972916
0.5682255
1.156823
0.2614409
2.08256
1.060258
1.706132
0.4223851
0.9648809
0.6109988
1.030692
0.5099149
-0.1763175
0.7846014
0.1834697
0.3163919
-0.9472491
-1.366914
-0.2810929
-3.042909
0.182335
0.002342478
-0.06947897
0.2031804
0.08042579
-0.5290067
-0.4480165
1.463798
0.644047
-1.906525
-1.157254
1.483545
0.8024352
0.1934892
-0.1730039
-0.7271673
-0.2677057
-0.6451693
-1.067086
-0.7600294
1.083784
0.07484265
1.439278
1.498384
1.494034
1.111083
0.8681938
-0.1508155
-0.1452978
0.1895804
0.0005625429
0.8059338
1.8413
1.701704
3.3527
1.73454
1.781231
0.5749203
0.9524639
0.8975781
0.797802
1.337312
0.4959717
-0.09559122
-0.6889462
0.5713593
0.5799387
2.295316
0.01423203
-1.081948
-0.2303791
-0.384111
-0.3704453
-0.7762238
-0.04248342
0.3559382
1.146372
-0.5059466
-1.086477
-3.162216
-1.477035
-1.849034
-0.6718054
-1.382646
-1.044458
-0.7901735
0.07608631
-1.555449
-0.8032595
