-0.2810309
-0.5782019
-0.3297714
-0.2054105
-0.144935
-0.8007917
-0.8507393
-1.017851
-0.4169061
-0.4395367
-0.5869313
-0.1791045
-0.08643472
0.3545454
0.05527552
-0.2561079
-0.3643823
-1.295211
-0.9739949
-0.3119864
-0.1594587
0.07620011
0.2894686
0.726702
2.386843
2.127172
1.884728
1.458966
1.261832
1.581454
0.9560422
1.057345
1.409534
1.577013
1.943611
1.844897
-0.2778419
-0.1317454
-0.4230717
-0.3089157
-0.7876899
-1.003167
-0.09189933
-0.2409726
-0.07450808
-0.4582392
-0.7106624
-0.925579
-1.678008
-1.700095
-1.285356
-1.627677
-1.879846
-1.095138
-0.8368518
-1.446447
-1.838196
-1.442112
-1.033877
-0.4334943
0.3450758
0.5258717
0.5652239
0.2273565
0.2176861
-0.5712001
-0.9735036
-0.8524551
-0.679935
-0.2654928
-0.3006414
-0.2461541
0.1262045
0.1246687
-0.5102155
-0.5403848
-0.6531422
-0.2539577
-0.1538442
-0.3550813
-0.3026181
-0.08003262
-0.2613733
-0.06589458
1.160702
1.571766
1.767132
1.481983
1.144484
0.8601161
1.447443
1.38316
1.646419
1.806627
1.705577
1.355951
1.815124
1.856275
1.585715
1.28668
1.088006
1.024936
1.438447
1.568739
1.602877
1.254712
1.147283
1.041801
0.3381801
0.444455
0.7444257
0.7330844
0.5533581
0.3683628
0.1927999
0.2308277
0.146659
0.5197896
1.204383
1.432897
0.3529123
0.1678938
0.1934452
0.1710061
0.5375949
0.6429287
0.7523084
0.7007736
0.3712887
0.6810411
0.6302825
1.226046
0.08649747
-0.9472674
-0.9817872
-0.5347797
-0.6095505
-0.4165096
-0.6512635
-0.5158411
-0.509969
-0.6602806
-0.7812803
-0.9814026
-2.782687
-2.331709
-2.652775
-3.329896
-3.231199
-3.967963
-3.72036
-3.039941
-2.409449
-2.188428
-1.891711
-2.283686
-1.75507
-1.98068
-2.030154
-1.765697
-1.164956
-0.9374493
-0.4213928
-0.6350406
-0.5713307
-0.06274661
-0.3910502
-0.9562568
0.1584165
0.5418168
0.530844
0.7991458
1.13026
1.684255
1.516498
1.579499
1.147318
1.389636
0.8521236
0.5761633
-0.4661461
-0.6570362
-0.3950372
-0.5728977
-0.6497095
-0.8365804
-1.516781
-1.632323
-1.531123
-1.312152
-1.385526
-1.577511
-1.185168
-0.6987475
-0.2698323
-0.2597505
-0.09910131
-0.08575004
-0.1979502
-1.173717
-0.6348356
-0.8501769
-0.3532835
0.5631605
1.773812
1.624478
1.465038
1.749481
2.402212
2.036829
1.628794
1.078102
1.507667
1.776183
1.563926
1.129868
0.1365258
-0.0727623
-0.05267761
0.09545256
0.006124469
0.5980913
-0.1432965
0.264585
0.1861991
0.1775844
0.1418415
-0.6598046
1.3837
1.262335
1.285059
0.1118936
-0.3912705
0.375165
0.4230861
0.8623652
0.7002331
0.302871
0.4074583
0.2772637
-1.121488
-1.456685
-1.561437
-1.562829
-1.177877
-1.517943
-1.113368
-0.8409842
-1.265838
-1.489958
-1.319723
-1.153321
-0.2315179
0.101893
0.408807
0.3648518
0.4745841
0.1660588
0.4504194
0.6096128
0.7181733
0.3523734
0.1608805
0.6539086
0.06741972
-0.3397446
-0.2624247
-0.456268
-0.236129
-0.2945257
-0.3771671
0.1154094
0.08062621
-0.08189444
0.07957131
0.0836635
0.3544358
-0.3401426
-0.4222902
-0.675985
-0.951472
-0.6582366
-0.1316165
0.3741764
0.5972535
0.5410541
1.023848
0.7076203
0.9742544
0.8713278
1.023314
0.7551362
0.1976925
0.3909511
0.6387278
0.7381917
0.403379
1.031423
0.7044597
0.4047028
-0.3353862
-0.1489688
-0.04999283
-0.4264075
-0.5255444
-0.9464921
-0.5485151
0.06427006
0.3521172
-0.1573268
-0.5318899
-0.6526856
0.3514827
0.611695
0.9588308
0.8245538
1.264582
1.002302
0.5918074
0.3896244
0.04317456
-0.5431173
-0.1513171
1.140563
1.856118
1.612372
1.215519
1.560134
1.311116
1.657308
1.304281
0.9967087
0.7768067
1.166074
0.9515237
0.7218615
0.4239932
0.3594822
0.5734928
1.006519
1.107966
1.249276
1.539452
0.9439952
0.531556
-0.06411238
0.09868877
0.3149819
-0.2597373
-0.05350453
0.3800802
-0.05030008
0.2594299
0.3991559
0.3418332
0.06419159
-0.4737808
-0.6055612
-0.2504777
0.05474612
-1.381913
-1.646824
-1.807112
-1.568452
-0.9744137
-0.4560113
-0.6193073
-0.7906145
-0.5183856
-0.7504882
-1.103556
-1.241697
0.4905328
0.3594034
0.00733638
0.2739724
0.7955745
0.648077
-0.2465115
-0.4429321
-0.5947596
-0.4840864
-0.2467453
-0.3204938
-0.01770993
0.02365012
0.279916
0.8557729
0.6958333
0.5907034
0.3272169
0.3270996
0.05413061
-0.1452434
-0.4971727
-0.360575
-1.009639
-0.6846535
-0.9061343
-0.4662507
-0.7470996
0.1171995
-0.1769107
-0.5253389
-0.734257
-0.2861475
-0.05232752
-0.2674809
-0.7756201
-0.7985858
-0.8894875
-0.4444486
-0.2008323
-0.728592
-1.006503
-1.152634
-1.127536
-0.8777601
-0.7993517
-0.6681101
-0.4529332
-0.5137872
-0.2340154
-0.2489454
0.08780838
-0.2806387
-0.2780187
-0.4532926
-0.4487129
0.07406665
-0.1434949
-0.1590432
1.13745
1.256876
0.9777893
0.8607923
0.4197799
0.518303
1.225293
1.323616
1.739531
1.234374
0.4051008
-0.1367671
-0.1285293
0.09685766
-0.1457663
0.5070922
0.324278
0.5593035
0.6201546
0.6399724
0.5036332
0.2113471
0.4009304
-0.007108018
-0.1882751
0.2890059
0.6256765
1.041071
1.010478
1.076539
0.4538142
0.7806865
0.6903161
0.1369695
0.1799548
0.02362788
-1.097891
-0.9344795
-1.185115
-0.7687652
-1.443944
-1.382007
-0.8366644
-0.7219487
-1.012162
-1.196493
-1.269009
-1.211943
