0.8220009
0.2590652
0.3337406
0.226742
1.898207
0.5637652
-0.003304003
-1.001243
1.198235
0.3565999
1.228092
1.339276
-0.5744787
-1.158278
-0.6567361
0.6380826
-0.7846652
0.6745474
1.435053
1.273133
0.8014435
0.8335323
1.384527
0.264373
1.504585
0.04665929
1.424528
1.545875
-0.444345
0.6049086
0.451322
0.1508453
1.276593
1.23034
-0.1784013
0.09727407
-0.4941173
-0.9067545
-1.29881
-1.743886
-1.254465
-1.233036
-0.2718226
-0.7474741
-0.6176218
-0.5092484
-0.6430833
-0.2881523
0.5418241
-0.2417628
-0.07785564
-0.2859187
-0.4589691
-0.4885748
-0.7870002
-0.253021
-0.8135062
-0.4678436
-1.658293
-0.3808871
-0.4320267
-0.763463
-0.4668367
-0.738267
-1.33958
-0.5097179
-1.556538
-1.309238
-2.706928
-1.951559
-0.9153023
-1.307014
1.537252
0.3006416
0.5423426
-0.1884271
-0.4488627
1.706379
-0.5923104
2.017965
0.3405197
1.080876
-0.4028096
-0.09969367
1.118237
0.525547
0.7892483
1.200463
1.048139
-0.4139653
0.0674629
-0.5933768
0.7573944
0.3653731
1.103544
1.407753
0.6057923
1.902303
0.769028
0.5616695
1.503126
1.391584
0.3681793
1.554138
1.493298
0.8594909
1.428315
1.537589
0.6470707
1.112561
1.259669
-0.2692923
1.103627
-0.2407431
1.031077
1.279409
0.5480217
0.3162898
-0.4012562
-1.006991
-1.595207
-1.462928
-1.94035
-0.04032855
-1.727447
-0.4017395
-0.128018
0.3111601
-0.7346705
-0.2220892
-1.354784
-0.8796172
0.1551037
0.178752
-0.03795594
-0.4898196
1.129941
1.234879
-0.3268314
1.048321
0.09611123
0.5922894
0.3180301
0.1981001
0.8850673
0.4341531
0.561792
1.335315
0.01488903
-0.8980514
0.6939152
0.7759731
0.357927
0.1011805
0.8945605
0.7448508
0.743217
0.6069327
0.09539476
0.1646007
1.768484
1.26948
1.853924
0.8062442
0.434376
0.848773
0.3988373
0.4093526
-0.586252
-1.25693
-1.422392
-0.9594222
-0.5544167
-0.4607546
-0.3227648
-0.923003
-0.7376842
-0.4633
-1.341195
0.5092017
-0.9431956
-0.6892236
-0.21145
0.5033726
-0.9493603
0.5253142
0.4152108
0.3099346
-0.2733237
-0.444896
-0.3027148
-0.1445998
-1.481479
-1.487845
-1.04585
-1.574262
-2.291583
-2.183789
-1.157255
-2.146703
-1.960935
-2.332496
-1.343939
-2.856061
-0.6954911
-0.3824821
-1.130498
-0.4571716
-1.270449
-0.1660375
-0.9441049
-1.374886
-1.773492
-0.5620737
-0.3114606
-0.8849758
-1.870515
-0.9877111
-0.6816881
-1.693913
-1.370699
-1.443807
-0.2526213
-0.7983617
-2.072955
-0.1311752
-1.633538
-0.1879383
0.4525135
0.6981019
-0.6199205
-0.6015139
-1.486167
0.3956931
-0.333144
-0.1825378
0.565343
-0.5093125
-0.3819426
-1.066522
-0.3644124
1.768923
1.112381
1.964311
-0.3735618
0.05572682
1.079418
0.4433622
0.2899267
1.241642
0.7249057
0.5531079
0.1198184
1.778575
1.230446
1.122026
1.261953
1.635014
0.6015131
1.455973
1.641183
0.4741215
0.5992585
1.800007
-0.2396066
0.2403368
0.9635813
-0.1996714
1.412693
-0.1199099
0.6185536
0.6802505
0.4754681
0.755478
-0.3233046
-0.6827532
-0.5226665
0.6215178
1.038061
-0.5837269
0.8329213
1.083873
0.04294452
0.3987416
0.05173174
0.5362064
1.265942
0.5328534
1.057972
-0.7620148
0.08264185
-0.6032342
1.043604
-0.4247978
0.8383499
0.0005304604
-0.1942377
-0.7604016
0.928834
1.376942
-1.037935
-0.1206734
0.3507704
-0.2917741
0.3708821
-0.6510988
-0.5775528
-0.2301128
-1.408424
-0.4566514
-0.09661129
0.4027187
-0.436613
-0.1753455
-0.9848202
-1.331956
-1.281941
-0.839523
-0.4006926
-0.6391835
-0.3639082
-0.8265545
-0.7372624
0.4351678
-2.021436
-0.6239231
-1.260751
-1.083473
-2.739834
-0.9276085
-2.288712
-2.449102
-0.8843641
-2.291658
-1.736957
-1.785036
0.7113009
-0.4155691
-0.2359037
0.7852671
1.826916
-1.48631
0.4223685
-0.1135515
1.16334
-0.3293779
1.334188
-1.365758
0.4733233
1.217061
0.5175307
0.7026784
-0.4700709
-0.9326407
-0.7445556
-0.134468
-0.0464101
1.042217
0.4784823
-0.08821253
0.8863074
0.9343254
0.937114
2.104712
0.4470361
-0.2392236
1.232305
0.1484674
1.907853
1.38381
0.2931744
1.049778
0.008436741
0.6614749
0.4667502
1.366975
0.06594208
0.507329
0.464358
0.1919468
0.4827894
-0.6122158
-1.017283
-1.187169
-0.7469443
-0.8201312
0.5852203
0.01179069
0.1239408
0.2709852
0.1285863
0.704596
1.680208
-0.5935786
1.311638
-0.4507687
0.3297582
0.8937901
0.1014508
-0.4150172
1.041144
0.2616981
-0.8748457
-0.2684392
0.5097978
0.5397227
0.6469975
0.8433092
1.675738
0.5339937
0.169428
0.5043626
0.8217269
0.9350744
0.09906243
-0.3070933
0.9389964
1.076125
0.05810263
-0.2459651
-1.718622
-1.35137
-1.645215
-2.42132
-1.446792
-0.6898492
-1.011514
-2.662966
-1.724145
-1.654879
-1.776869
-1.409978
0.6364487
-1.313713
-0.1029777
-0.2404525
0.8656271
0.5614907
-0.08494758
0.180775
-0.3518957
1.455022
1.018152
0.7821771
0.6900257
0.2784878
-0.1860825
0.5222723
0.3635235
-0.2959304
-0.1756095
0.9175611
0.2339303
-0.38815
1.914431
1.091794
0.7651771
0.5515532
1.536718
0.6330834
1.869828
1.750324
1.190695
0.5386381
0.6216224
1.454078
0.05480571
1.393366
-0.6067774
-0.6252949
-0.862264
0.3188805
-0.121167
-0.381032
-0.2000836
0.9470143
-1.201237
-1.035192
-0.8271453
-0.4500882
