-0.7036513
-0.6208694
-0.35101
0.5079851
-0.6774625
-0.4968319
-0.2543679
0.3397248
-0.6574387
-0.4709876
-0.514993
-0.2533298
-0.0260503
0.03550747
-0.5659588
-0.5442365
-0.6948206
-0.399115
-0.3240597
-1.107807
-0.3210251
-0.654388
0.2545138
0.6677802
-1.483015
-2.328642
-0.9954458
-1.431609
-0.4827815
-0.9815553
-1.204555
-0.9234632
-1.298951
-1.43381
-1.293783
-1.165001
0.3453536
0.7320254
0.6792963
1.249812
1.158576
0.7410226
0.505996
0.2929179
0.8200599
1.388895
0.4210147
0.07621651
0.2566316
0.6323199
0.2161329
0.6642123
-0.2003883
0.1723637
0.536491
-0.06096107
0.1578228
0.05708025
0.6994585
1.014551
1.974181
0.9678774
1.855096
1.269499
1.346436
1.091073
2.283448
1.209271
2.835547
1.327526
1.522869
1.242818
-0.6560169
-0.4554363
-1.184608
-0.4276517
-0.3415238
-0.8188016
0.07342995
-1.337852
-1.065541
-0.6105462
-0.6459391
-0.2118123
-0.7192593
0.5305222
-1.215811
-0.6928863
-0.314842
-0.2965646
-0.520389
-0.2575469
-0.3743531
-1.19729
-1.245553
-1.075418
-1.791658
-1.006514
-0.6142011
-1.225123
-0.7733909
-1.1273
-1.118864
-1.004948
-0.8835185
-1.254406
-1.3052
-1.476252
-0.2087685
0.6768388
-0.0319901
0.07636779
-0.523796
-0.6122532
-0.1120049
0.217369
-0.4137719
-0.6026117
-0.02803012
-0.1566745
0.6512671
0.3565671
1.370521
0.3201362
0.9839472
0.7569628
0.598154
0.6872109
0.6017119
0.8916032
1.159565
0.9145754
-1.014461
-0.03829973
-1.147006
-0.8145673
-1.628134
-0.7649301
-0.2226341
-0.63458
-0.1829
-0.1659405
-0.2180967
-1.043032
-0.3751619
-1.029428
-0.3545882
-0.7993534
-0.4101934
-0.1347659
-0.6469387
-1.318947
-0.7429116
-0.3207657
-0.8370234
-0.9736136
-0.6675491
-0.7915238
-1.320638
-0.394126
-0.9699784
-1.580876
-1.548465
-0.6972492
-0.4676476
-0.7806295
-0.5374629
-0.876981
0.2060098
0.3985051
0.9430389
0.8784016
0.6772135
0.9747714
0.3673511
0.9875451
1.544926
0.7809482
0.1794537
0.3636096
0.5719615
1.239881
0.260857
0.5904768
0.7646691
-0.3376427
0.04653493
0.1942275
0.8327063
1.004589
0.128921
-0.1323083
2.000367
2.933341
1.9351
2.138388
2.442286
2.368564
2.308799
1.80854
1.933054
2.338528
2.257478
2.499219
1.127893
0.1798785
0.04082217
0.1969201
0.5969622
0.7206333
0.2170849
0.5718154
0.4877275
0.3807048
-0.3679364
0.6222726
1.34221
0.8475685
1.207006
1.112472
1.452782
1.551424
1.066988
1.004847
1.486345
1.07605
1.287528
1.659828
0.8592169
0.8307841
0.2514589
0.7969713
0.05012816
0.3091488
0.3771232
0.1765294
0.131855
0.04710832
0.7731441
0.6848587
0.1329675
-1.183309
0.3358881
-0.2914305
-0.01602086
-0.4945892
-1.33879
-0.2939586
-0.5733036
-0.7613567
-0.8871087
-0.05273389
-1.043996
-1.567585
-1.538439
-1.044018
-1.232098
-1.510005
-1.146409
-1.339009
-1.399861
-1.252841
-1.053619
-1.02646
0.2319178
-0.7927681
0.3208908
-0.660476
-0.3952046
-0.8885239
-0.9662071
-0.7179212
-0.05296737
-0.1055952
-1.423216
-0.7167761
-0.001876137
-0.8193381
-0.7151181
-0.5234872
-1.062121
-0.9131181
-1.002854
-0.7376227
-0.2734087
-0.1564611
-0.2736161
-0.2744568
-0.6769195
-0.2512995
0.03640658
-0.5768882
-1.074902
0.8068282
-0.6940601
0.09029809
-0.5232548
0.04743469
0.2206739
-1.597918
1.659523
0.2340201
0.1675999
0.274083
-0.06137239
0.05070309
1.612989
0.4038003
0.6953339
0.4499416
0.2805663
-0.4187657
0.2484769
0.5384725
1.187579
0.2777024
0.517812
1.430818
0.5390694
0.7050018
-0.3773854
0.3454478
0.9973112
0.979835
1.352018
2.2943
2.284297
2.358417
3.143661
2.290457
2.089283
2.732255
2.3075
2.30191
2.642011
2.19676
-0.5859053
1.359937
-0.3158314
-0.3342817
0.3522497
0.6434146
0.5621186
-0.4535217
-0.04391428
-0.2578713
-0.4295958
0.664245
-0.4720092
-0.6462946
0.4717305
-0.1224526
0.6797245
-0.300784
0.4560978
0.2941997
-0.6116553
-1.001827
-0.5799323
0.002250282
-1.528068
-1.665037
-0.7822031
-2.080225
-0.9877563
5.888268e-06
-1.602629
-0.7899937
-2.360165
-0.8633112
-0.8949249
-0.388481
-0.5927027
0.3330586
-0.04952096
-0.3175977
0.2480811
0.2612198
-0.1450948
0.366068
-0.2179172
0.2311517
1.258688
0.8977487
-0.626958
-0.2898152
-1.7419
-0.9737516
-0.4574933
-1.083111
-0.5074493
-0.5862932
-0.603691
-0.4828171
-1.016701
-1.073515
0.3807832
-0.1470303
-0.4385611
0.2237931
-0.01862913
0.2528706
-0.1069669
-0.09138308
-0.4282537
0.1537745
0.05014949
0.3484732
-0.6643634
-0.2298308
-0.2901452
-0.03225238
-0.8118359
-1.142396
-0.1279549
-0.5032548
-0.6463019
-0.4177645
-0.6585955
-0.07244387
2.064124
2.258634
1.715277
1.532667
1.699223
1.842928
1.69718
2.143788
1.209715
2.331804
1.803586
1.396296
-0.7722996
-0.9424221
-1.141035
-0.5480043
-1.246309
-1.122472
-0.4349629
0.08905915
0.2892545
-0.8862782
-1.291001
-1.164267
0.5475706
-1.30773
0.3625099
0.02161594
-0.1896438
-0.09886593
0.1720583
-0.7522248
-0.005748553
-0.2377478
-0.2861812
-0.6877036
-1.671071
-0.9239253
-1.135243
-1.101521
-1.252887
-0.9547722
-0.897928
-0.532302
-0.8873304
-1.755884
-0.5435482
-1.136375
0.355977
-0.3212148
0.3049484
0.4582592
-0.2827309
-0.2034612
-0.5889403
-0.1809212
0.06740291
0.4995785
0.373106
-0.2838376
