-0.2594506
0.9938298
0.8462129
-0.8724786
0.4531789
1.657388
-0.1862068
-0.07818715
1.203657
0.3802443
0.07061813
-0.1421303
0.6327271
-0.04018718
-0.2397682
0.4489511
1.252511
0.552645
0.2250424
1.037845
0.01744043
1.313133
-0.1776253
-0.3107291
1.756562
2.710426
0.6827434
0.5602419
0.8930809
0.7952625
1.303421
0.5388478
0.6324764
0.9213604
1.601664
1.662042
-0.227854
0.8234
0.3857628
-1.537829
-0.3830415
0.2201864
-1.301751
-0.6049691
-1.158301
-0.6965787
0.02955725
-0.6259744
-1.094011
-0.1960404
0.484053
0.7658105
1.290064
0.1413554
0.8945206
0.6330099
1.149043
-0.08574148
-0.3736558
-1.356069
-1.733213
-0.7168425
-0.9477083
-1.051937
-0.5490082
-0.9891627
-0.8835389
-1.397507
-2.297912
-1.225741
-0.6135398
-0.9316373
0.1158127
1.798781
0.8283813
1.617942
0.7975238
-0.87113
-0.244721
2.718472
1.335799
-0.6915162
0.61268
0.4960282
1.642265
0.1373582
1.389289
0.7414225
0.02210879
-0.1214857
-0.5570267
-0.4023118
-0.3633471
-0.4323992
0.2201903
1.254637
1.909663
0.1945259
-0.660374
1.529399
1.842378
0.4648291
0.1993557
0.5885392
-0.2520424
1.146779
0.8797596
1.826409
0.5971379
-1.149962
0.1887876
-0.407998
0.2183481
0.3640401
0.8985193
0.2796989
1.721274
0.3576969
0.4330908
-0.5705182
-0.7567089
-1.070074
-0.9827061
0.6739063
-1.39828
-0.5438715
-0.5709496
-0.3790472
-0.7306101
-0.2486101
-1.12224
-1.180858
0.7270604
-0.5305259
0.7662153
-0.3585115
0.9047506
0.00245574
0.336907
-0.7009538
-0.2625503
1.386355
1.119979
-0.6154286
0.03571973
0.9790708
-0.7637473
-0.8231608
-0.8861454
-1.157293
0.2876596
1.011944
-1.003092
-0.7629794
-0.2666122
-0.7855105
-0.5218202
0.6793615
-0.857618
0.754521
0.6484827
0.4963881
0.7743536
0.03349452
-0.08380467
0.6536526
-0.9779511
-0.3020944
-2.218619
-2.364515
-2.157279
-0.9203396
0.1687985
-1.206142
0.1696467
-1.582998
-1.570534
-1.687868
-0.285198
-0.1793321
-1.239132
0.4414773
-2.106616
-1.032347
-0.8572026
-0.3752852
-0.7882112
0.5143012
-2.289084
-1.724054
0.09239588
-0.6516948
-0.9265408
-1.746384
-1.606952
-1.81348
-1.977521
-2.214631
-2.041059
-0.8435886
-1.032901
-2.016801
-0.9968529
-2.538017
-0.2972429
0.07125804
0.3964705
1.022976
-0.6310874
-0.6628447
-0.8766797
-0.03561645
-0.1066193
0.05233627
-0.3818733
0.6663804
-0.1077219
0.5725619
-2.291274
-1.949645
-1.618505
-0.6087233
-0.8240786
-2.28154
-1.230862
0.02791042
-0.07308059
0.1019414
1.065731
-0.5359927
-0.0556107
-0.1026677
-0.4784221
0.4984333
0.9753045
1.490926
0.5243031
0.7444314
-0.1601115
0.1764891
0.8812887
0.2397942
1.350581
-0.2372146
0.4639952
-1.098774
0.9744594
-0.9145806
0.7346848
1.162889
0.05377442
-0.4365874
-0.1349322
1.20565
1.920998
0.9117076
1.392094
1.372772
1.003448
0.5511344
0.5853459
0.3696154
0.06030758
0.8069434
1.088321
0.2293323
0.404706
1.378875
0.7087209
0.9398966
-0.2693744
0.3807291
1.115502
-0.5234001
1.288967
0.2374
0.5656602
-0.3018159
-0.05392131
1.201881
-0.1893995
0.5675072
-0.3071955
-0.1592947
0.4989089
-0.2257392
0.7917366
0.5938187
0.8364984
0.6269826
-0.2006679
0.4096498
0.422015
-0.7252221
1.177024
-0.6752269
-0.5924107
-0.3573499
-0.5116717
1.818684
-0.5324557
-0.4355254
0.433798
0.3514324
-0.5678241
0.2654199
-0.8910793
-1.017097
-0.5280125
0.8374636
-1.598073
-0.02390988
0.2309705
-1.150803
-0.9695109
-0.1320869
0.1354126
-1.837222
-0.6997797
-1.803938
0.5461985
0.4189739
-0.9951025
-1.312482
-1.422668
-2.477491
-0.4759983
-1.536155
-2.601717
-1.932862
-2.935512
-1.858989
-1.750266
-0.8687419
-1.075135
-1.509898
0.1454107
-0.7063164
0.7910446
-0.3282422
0.2977771
0.3921701
-0.03356512
2.222613
0.8882821
-0.1414434
0.1109973
0.5945962
0.3379918
-0.4030639
0.6430942
-0.4026292
-1.148603
1.124147
-0.2403719
0.1889472
1.124418
1.604544
0.7118571
-0.4922279
0.1399748
2.335876
0.9353176
0.8193418
0.01377133
-0.1121212
1.405311
0.6993793
2.372283
-0.1662742
0.5462732
0.9400239
1.261952
0.8725714
-0.03350506
0.9386222
1.414274
1.562978
1.719327
0.9768513
0.4895388
0.4972735
-0.1473989
1.642709
1.860067
0.9955547
1.095962
0.6174684
0.57657
1.25438
0.9727876
1.25615
0.2956829
0.8587332
0.8414363
0.7076316
-1.153378
-1.31822
0.4615966
0.5703365
-0.1405492
-0.5721174
1.001843
0.8350431
0.671321
-0.2125108
-0.5168094
0.4317511
-0.1537017
-0.4391801
0.5946894
0.04024852
0.9250671
0.7898155
0.9089946
0.1139282
0.6175552
-0.1148559
0.4516661
-0.1716416
-1.771532
-0.8949028
-1.67223
-0.7450021
-0.8725739
-0.6672241
-1.910425
-2.250202
-0.6634232
-1.863524
-1.249967
-0.2814458
-0.1946279
0.5277933
-0.1580735
-0.5968366
0.605436
0.7747654
0.2179589
0.03329271
-0.7224679
0.5880591
1.445639
0.3882047
-0.5141571
0.8589953
-0.09266642
-0.2091075
-1.561274
0.2859081
-0.8268908
-0.1900865
-0.5146733
-0.7260662
-0.6323051
-1.00333
-0.846545
0.2899592
1.354276
0.5641228
1.969014
1.118629
1.221391
1.51076
1.304603
1.860238
0.6732681
0.4142337
0.6526182
-0.7997228
0.6153346
-0.6882278
-1.449122
0.08970699
-0.3117537
-0.5427951
-0.8485526
-0.650508
-0.1917949
0.2825902
