1.049862
-0.09291574
0.5220258
-0.4543252
0.936807
0.1983348
0.1668676
-0.1783836
1.115794
0.8003144
0.1489937
-0.4790525
-1.514441
-0.9410349
0.7869426
2.015434
0.8690549
0.2571565
0.01742709
-0.06312696
-0.06573617
1.081178
0.4270019
-2.003063
0.06955454
0.7143224
2.559321
0.2926295
0.8718762
0.6991017
0.6938928
-0.09108802
1.295603
0.3221003
1.634421
0.2196172
-1.05183
-2.303274
-1.247963
-2.042616
-0.7703627
-0.2319304
-0.3218747
-0.2568578
-0.5164145
-1.433643
0.3338623
1.398771
0.5860009
0.4859399
0.5244543
-0.8497462
0.4302634
0.9210996
0.4053556
-0.4121017
-0.2152684
0.2894588
0.4186147
-1.823779
-1.362949
0.3897263
-0.02362113
0.09736073
-0.1648186
-0.6009104
-1.279503
-1.03726
-1.353362
-0.5599785
-0.1427178
-1.786672
-0.2165148
-0.1597105
0.9996087
-0.5579654
0.3126082
0.6032794
-0.1584128
0.5203899
0.4056055
-0.7675933
-1.047727
0.04357061
1.043969
-1.107475
0.5814176
-0.5425687
-0.2942664
0.5022616
-0.3717281
-0.4366856
-0.5202588
0.7384807
0.8810681
2.045848
2.794422
1.246216
0.8934391
1.438521
0.3286654
1.371402
0.7819707
0.8742856
-0.2822907
-0.2101786
1.892387
1.618928
1.33392
0.5279834
1.762586
0.1763071
0.9740131
-0.03486076
0.5802294
-0.1424284
-0.1439373
0.6580297
0.5927953
-0.5025745
-0.4097225
-1.748553
-1.738174
-1.056387
-0.268182
-0.2003186
-0.1695403
-0.1119733
-0.6450166
-1.23108
-1.641205
-1.760664
1.472016
0.7400846
0.5184087
-0.7485085
0.9938766
0.3204578
-0.2637649
0.7144775
0.1331551
-0.7350242
-1.225865
-0.8757404
-0.4422379
-0.1709168
0.09075127
1.493368
0.5080653
-0.3804095
-0.266757
0.7344781
0.7852899
-0.8876994
0.8105732
0.9719425
1.009795
-0.4368441
1.211596
-0.2336389
-0.7748362
0.6501285
-0.7498076
-0.4837028
-0.5671908
0.4256628
0.1698273
-0.4834687
-0.8680202
-0.6727579
-0.4146671
0.7996678
0.07006616
-0.4386207
0.1792288
-1.008239
-1.452486
-1.153802
-1.220839
0.433231
-0.6835836
-1.795885
-0.4254481
-0.04882302
0.05508127
-0.6211751
-0.7327024
-1.123095
-1.03107
-1.342371
-1.419098
1.223192
-0.6955916
-2.957168
-2.315894
-1.487873
-1.328436
-0.6162495
-1.335006
-0.8455608
-0.3010395
-1.045938
-1.929698
-2.030298
-1.691375
-1.049366
-1.173229
0.5519763
-0.749862
-0.9187224
-0.6236306
-1.162514
-0.2745959
-0.2646994
-1.087975
-1.293764
-2.464735
0.305274
-1.412156
-1.122826
-1.013442
-1.003619
-0.5299315
-0.1832506
-0.5767315
-0.03547334
-1.12118
0.6163083
0.1099113
1.918937
-0.1754166
1.168881
0.1754876
-0.0356934
0.4745915
-0.2010434
0.2217816
0.6400761
0.8164954
0.4203764
0.4078546
2.35779
1.485782
0.7105783
0.02589332
0.2987157
1.068472
1.092947
0.6474705
1.240245
0.3265217
-0.143618
0.4145077
2.382972
2.195269
1.66374
0.9629197
0.4998236
0.3000806
1.006071
0.1029594
1.255416
2.224538
1.721198
1.662404
1.144562
0.1933867
0.7097498
0.2550219
-0.1582195
-0.05823873
0.9146712
0.7978706
0.4662732
0.7019334
0.9826425
-0.5839475
0.9253178
0.3684438
-1.449752
-0.4145254
0.9728407
0.3571699
1.084811
-0.4438301
0.533825
1.784674
1.654223
-0.1489677
0.1875477
-0.2456475
0.01136727
1.056425
-0.4666291
0.5297313
0.466568
0.2308113
0.4039232
-1.064859
1.117504
-1.23435
0.2386927
0.05421486
0.6608572
-1.093207
-0.1391026
-0.3595039
0.1366889
-0.6924692
-0.8120377
-0.4121254
-1.221271
-1.399518
0.2505063
-0.5188811
0.1163323
0.4761373
-0.3213403
-0.02547161
-0.1822021
-0.434135
0.1867061
-0.8258561
-0.3386489
-0.3614835
-1.604614
-2.709047
-1.360971
-2.091601
-1.469229
-0.7942032
-1.76688
-1.233028
-1.91895
-2.110422
0.1762185
1.504812
0.07583036
-0.7717339
1.574814
-0.2892052
0.1813978
0.6046997
0.179421
0.4489176
0.2619918
0.8430408
0.4933894
0.8683604
0.3420604
-0.3625428
-0.2709575
-0.1062847
-0.1838087
-0.07787194
0.8335031
1.050414
0.4673379
1.047646
-1.574153
0.2680404
1.495645
-0.7251664
0.7305006
-0.5785689
-0.4762887
1.360724
0.4921553
1.795008
0.8630522
1.647748
0.05131952
0.1111579
1.512749
2.270106
0.372897
0.634428
0.7321165
0.8990839
0.6361837
1.17296
1.415311
-0.08669874
-1.657133
-0.6164826
-1.057269
0.9062378
-0.8142568
1.053498
1.123388
0.3534378
1.167329
1.919007
0.3386588
-0.0569637
1.209302
0.1058608
1.028259
0.6903207
-0.2969061
0.5308913
0.3222013
0.7562397
0.07726983
0.5016132
-0.01727703
-0.5130723
-0.1815315
0.8795477
2.57024
-0.3743317
-0.7496741
0.142517
0.7737688
0.6319608
0.4549831
0.6769708
-0.5219533
-0.4075021
-0.9270239
-1.728276
-2.11734
-1.40297
-1.110161
-2.339219
-1.641892
-0.710952
-1.273309
-0.9460875
-1.4117
-1.467549
-0.7359376
-0.7709371
-2.372475
-0.2077625
-0.8657742
0.2219085
0.2829286
-0.4176819
-0.1376551
-1.181071
0.7408496
0.4886899
2.493893
1.73473
2.411611
0.05335904
1.683432
-0.4031901
-0.9395906
-0.5583155
-0.4634092
-0.1867971
1.052559
1.272139
-0.4302876
0.7122124
-0.4421455
-0.1676354
0.6923348
0.8968315
0.9687352
0.1550423
0.5979156
0.7967761
0.7756459
-0.2334986
0.1884722
0.1624969
-2.176555
-2.218984
-0.8711191
-0.08659173
-0.7952919
-0.5162327
-0.4388097
-1.061119
-0.643787
-0.4947096
1.11198
