0.09576456
-0.0001093973
0.2790302
-0.4805144
1.02777
0.4418631
0.02230569
1.375704
1.508444
-0.6177198
-1.221254
-0.8551137
-0.508467
0.8056213
-0.5181157
1.113472
-0.1636792
1.05417
-0.4476636
-1.158166
0.3459131
1.351058
-0.115139
0.3975597
1.469869
1.22515
-0.002900867
-0.63787
-0.6948345
1.537602
-0.2829666
0.929173
0.6730604
-0.09617577
1.680868
0.7322335
0.3571033
1.406351
0.407308
-1.921275
-0.2529226
1.357494
-0.1881724
-0.8993126
-0.5907094
-1.225895
-2.125739
-1.389047
-1.292045
-1.319143
-1.26685
-0.344316
-0.5289978
-0.1862851
1.084833
-1.310014
-1.446396
-0.4782913
-0.002145124
-0.2222131
-0.8084458
0.4179371
-0.4084309
-0.3449729
0.2129535
-1.082464
-0.5002394
0.01035983
-1.554536
-0.5379624
-0.256265
-0.4454556
-0.1185558
1.092155
1.097519
0.2901889
0.3685372
-0.4857915
0.3529921
1.994376
0.5671718
0.7296047
0.4509342
0.1542923
0.6081781
-0.03076726
2.249145
0.3253683
0.2225431
-0.5989136
-0.3618554
0.6540118
0.1089381
-0.2451291
-0.01230976
0.4029568
0.1312571
-0.1413407
-1.667351
0.7681353
1.263124
0.1874978
0.2603745
0.894322
-0.4246671
0.617753
1.433437
0.9090092
0.2152464
-1.500674
-1.158839
0.2460913
1.088866
-1.25149
0.5867616
-0.9493737
-1.416526
0.8357311
2.32471
1.12797
-0.4608881
-1.344346
-1.272623
0.4835413
0.7317692
0.353635
1.930358
1.058453
0.7771738
0.4702039
-2.131759
-0.6502799
1.454744
-1.889787
0.299745
-0.06247183
0.2628037
2.046511
-1.364238
1.843869
0.4975081
-0.7850921
0.03100977
-0.2940078
0.4124076
0.2719706
0.2802088
0.6037844
-0.7822095
-0.5622582
-0.8177984
0.7837133
0.4667034
-0.258615
0.8681739
-1.015066
-1.37108
0.4884854
-1.692165
-0.2221757
0.3394691
-0.1147298
-0.8463118
1.016783
1.88652
1.612912
0.5283667
1.054359
-1.519561
-1.181875
-0.2043855
0.09928548
0.322938
-0.9077601
-0.357742
-0.1824655
-1.516172
-0.6528371
0.099427
-0.06914245
-0.1551655
0.9585387
-1.011177
-0.4318725
-0.4531716
-0.3959753
0.0731007
0.4619546
-0.9201326
-1.0246
-0.08231056
-0.7708434
-1.784988
-1.728972
-2.177243
-0.8058836
-1.000172
-0.335138
-0.5671149
-1.670121
-0.5162105
-1.504635
-1.003338
-1.950495
0.9232808
-0.2514177
0.2240006
0.1350525
-0.1047291
-0.6831867
-1.004736
-0.3986931
-2.101616
0.4233925
-0.7290119
0.04353175
1.02235
0.5522198
-0.449843
-2.182594
-0.8356471
-0.132984
-0.4914345
-1.243619
-2.182575
-1.446604
-3.252272
-1.781356
-0.2531104
-0.5514405
-1.158417
-0.6562129
-0.5251439
-0.3508918
0.08534396
-0.513257
0.1555602
0.9057714
1.083531
1.199543
1.236049
1.612056
1.724072
0.3820693
-0.1299634
-0.4929619
0.4698526
-0.125615
0.6106759
0.2644864
0.5162823
1.071608
0.6049788
3.119897
3.81362
2.203853
1.288814
0.8039659
1.530318
0.4918628
0.3929205
1.33589
0.08284314
1.619895
1.740497
1.48433
1.071525
0.1393322
0.849149
-1.075902
-0.3307949
1.715694
0.9064419
1.294372
2.344035
-0.5257727
0.09910377
-0.06769639
-0.1320932
-0.4819186
-0.7144528
0.5065317
0.9617029
1.178726
0.3348935
-0.5262153
0.7910073
-0.8334628
0.1838657
1.07366
0.02687567
0.3334462
0.2760642
-0.850565
0.4847884
0.303424
1.616913
0.6930079
-0.2933171
1.129102
-1.281708
-0.7909588
0.589451
0.01850527
-0.2663317
0.03618768
1.214109
0.2039014
0.756018
-0.9385737
0.417028
-0.3487137
0.6631233
-0.9626787
-2.174365
0.01565251
-1.284922
0.2068906
-1.548172
-0.1718736
0.201585
0.5624893
0.8085149
-0.02079257
-0.2250444
-0.6685743
-0.4457781
-0.167377
-1.604762
-1.196162
-0.6207734
-4.213394
-1.789377
-0.7676983
-2.048612
-0.5562722
-0.4167688
0.3873539
0.3422352
0.558906
0.7887108
-1.765466
0.08339395
-0.3813501
-0.2839237
0.3387074
0.5735374
0.8291764
0.6389583
1.24022
-0.3672
-0.153925
-1.287626
0.15324
-0.1375089
0.1095832
1.297156
1.355232
0.8559841
-0.09840719
0.1391768
1.501839
1.478862
1.601876
0.2146192
0.05561823
0.5852727
0.6674923
1.739002
1.129181
-0.4391849
0.9765884
-0.6028061
-1.805184
-0.5697256
-0.1226522
1.71371
1.489138
0.6729718
0.774299
0.08860204
1.65835
1.45644
0.2240296
0.6493039
-0.8763736
1.626277
0.4401584
0.01943432
-0.4670676
-1.497399
-1.23552
0.6429859
-0.8334321
-0.1609976
0.3890372
-0.6645487
-0.0361283
1.17296
0.7264326
0.303528
0.3448737
0.857945
-0.8271948
-0.166122
-0.5238115
-0.1872523
-0.8849511
1.377857
-0.1950275
0.3359553
-0.3107298
1.107399
1.011346
0.1123186
0.008208863
-0.3195385
-0.8379115
-1.070197
-0.6042603
-1.291442
-1.070473
-1.190374
-0.6757155
-1.879028
-0.8281943
-0.304056
-2.609028
-1.466848
-1.416727
-1.082912
-0.3327208
-0.286419
0.3920201
-0.7196762
-0.1394714
0.4826283
-0.2345893
-0.7113448
-0.3088813
-1.264599
-1.328714
-0.8366052
0.3513138
-2.016411
-0.6779432
-1.004292
-0.7363409
-0.7016019
1.022615
0.3625865
-0.8825067
1.471186
0.309642
0.6633306
0.6786819
0.6816733
-0.203589
2.122422
0.8450217
0.5789385
1.633645
0.7309455
1.636476
0.3808307
0.9701499
-0.08904157
0.4467199
0.3894986
-0.7053217
0.4743757
-0.4349909
-0.243308
-0.2406338
-0.08516508
0.9579346
0.5168347
-0.8348358
0.09981559
-0.1262515
