0.2344861
-0.3505862
0.1186058
0.195007
-0.8346801
-1.125045
-0.7023267
-0.5279371
-1.220356
-1.450459
-0.8110051
0.06499856
-0.3830211
0.8188792
-0.6434374
-0.4877417
-0.5398924
-1.080559
-0.8110954
-0.5818527
-0.7932941
-0.2609416
-0.8685734
0.4063684
-1.132293
-2.167467
-1.454329
0.1932581
-1.516659
-0.2004769
-0.807641
-1.65042
-1.593368
-1.567241
-0.5262622
-1.23771
1.080794
0.3433152
0.766326
0.729967
1.244965
0.9709237
0.5864637
-0.0515106
0.2687956
-0.3566227
0.3071836
1.145975
0.9666029
0.01175114
0.09118643
1.234903
0.7832158
0.2375996
0.5507895
1.083993
0.8201126
0.9131523
0.9508453
0.5661473
1.272261
0.2685361
1.433878
0.9090827
0.6481751
1.484698
1.637399
1.579463
2.168008
0.8130153
0.679017
1.39245
0.4125422
-0.790572
-1.756389
-0.597446
-1.481753
0.6128086
-0.4357862
-0.9195724
0.1010222
0.2725758
-0.5533357
-0.7257434
-1.394508
-0.4321945
-0.6074328
-1.198733
-1.354558
-1.225327
-1.82598
-0.4205671
-0.8534535
0.3219877
-1.204623
-1.592396
-1.212872
-0.7933578
-0.6746475
-1.050045
-1.080893
-1.526672
-1.57477
-0.1048087
-2.141288
-0.2905647
0.01571766
-0.5750329
-0.523058
0.3336503
0.05621821
-0.9410906
0.5711462
0.05716885
-0.1788211
-0.7335705
-0.2480182
0.1752272
-0.270426
-0.9474268
1.183178
0.3464116
1.433585
0.01152491
1.831349
0.7541456
1.896432
0.9666589
1.37017
1.093349
0.4731532
0.8902001
-0.3492863
0.50115
-0.2200995
-0.846297
-0.08410237
-1.193928
-0.2630805
-1.227956
-0.5741447
-1.279816
-1.530158
-0.3903325
0.4093676
-0.2678511
-0.6078807
0.1715947
-1.399325
-1.541342
0.04818168
-0.6622265
0.08331046
-1.031954
0.6696751
-0.6241995
0.3403785
-0.1515339
-0.8488196
0.4485973
-0.6259111
-0.5443314
-0.3837134
0.03316214
-0.8747484
-1.596346
0.4560849
0.5013208
1.303995
1.349014
1.041984
0.4691548
1.090507
0.8358476
1.114041
0.9249352
0.3852913
0.98346
1.237434
0.2849868
0.289713
-0.7784327
-0.1554107
-0.2929649
-0.2204609
-0.428295
0.1515073
1.297194
-0.1380988
0.04872319
0.7338041
0.1910895
1.984557
2.692561
1.539427
2.883881
1.955245
1.315995
1.606276
1.898446
1.328472
2.832981
1.728907
1.370179
0.3366068
0.5184464
0.1509303
0.520048
0.03748781
-0.1854634
0.6472806
-0.2870852
0.659618
0.5079145
0.1150171
0.2114878
0.9610382
0.3484422
0.7917889
1.11218
1.13988
1.729137
0.474105
0.7474388
0.7354156
0.9091382
0.880345
0.8630021
-0.4024976
0.166547
0.7980399
1.858118
1.04505
1.351321
0.09318392
0.2158915
0.2354564
0.3494664
1.173666
0.1001703
-0.5248542
-2.24574
0.06544602
-0.399196
-0.7088966
0.5874396
-0.3867245
-1.276485
-1.14689
-0.66617
0.5660776
-0.07042205
-0.8166103
-0.4041224
-0.01083839
-0.7304823
-0.6362096
-0.733714
-0.5054242
-1.339221
-1.644205
-1.677172
-0.7022515
-1.897574
-0.1710895
-0.7683532
-1.124622
-2.353653
0.6178277
-0.5513663
-1.548942
-0.04521515
-0.3570634
0.9959809
0.3895804
-0.1023664
0.3658259
-0.4425005
-1.377252
-0.8823671
-1.065735
-1.024968
0.03796599
-0.4528683
0.8022164
-0.3771401
-1.849946
0.2196375
-0.9593421
-0.1471745
-1.00395
-0.1177464
-0.7219712
0.006490175
-0.8064446
0.07317963
0.7275332
-0.1599041
-1.357964
-1.166431
1.137585
1.229767
0.8142067
-0.1688596
0.3756906
0.5477148
0.8511735
0.7609869
-1.062352
0.4916545
1.090233
0.8249673
0.01277522
1.474232
0.7517263
-0.4683175
0.9985932
1.041771
0.9481987
0.6542506
1.592659
0.385736
1.413328
1.091914
1.903345
2.54911
2.201655
2.374108
3.018956
1.66493
1.955269
2.022211
1.45239
2.155731
1.776927
2.138591
0.3940733
-0.4812413
-0.8268922
-0.1569189
-0.156259
0.212638
-0.3872769
0.09648266
0.7704652
0.03044808
-0.9806112
0.3576355
-0.1933643
-0.1388106
0.5081671
-1.103618
-0.5287116
0.2364795
0.4452792
-0.969792
1.294742
-0.4920529
-0.173142
0.2820652
-1.106561
-1.123856
-0.7886684
-1.811907
-2.199359
-1.264984
-1.609186
-0.895794
-1.347202
-1.429099
-1.832873
-0.655817
-0.7622941
-0.8577895
-0.1821401
0.5635024
0.4938195
0.1699936
0.02680951
0.7923579
0.147568
0.7510397
1.140544
-0.2671252
-0.3215353
-0.05761085
-0.1170241
-1.313346
-0.7743559
-0.3727217
-0.9525502
-0.4179405
-1.589691
-0.01471317
0.3169194
0.1530135
-0.6993489
-0.3471938
-0.4497172
-0.3304152
-0.3986998
-0.638835
-0.8115373
0.3262786
-0.1788113
-0.1908224
-0.3147891
-0.9974812
-1.129595
-0.6126466
-0.07943018
0.5777184
-0.571716
-1.107454
-0.6614325
-0.7646329
-0.7241781
0.2676565
-1.249741
-0.5307229
0.4582521
1.360934
0.5327973
2.46421
2.150492
1.941419
1.564715
1.287003
1.928692
0.8323663
1.365008
1.145998
-1.348067
-0.7309334
0.1063419
0.05197686
-1.006699
-1.175531
-0.5234708
-1.315367
-1.23575
-0.6509781
-0.6123257
-0.6578085
-0.2701779
-1.063632
-0.06353069
-0.2871939
0.98155
1.240439
0.7882396
0.06671517
1.678923
0.4075968
-0.5969684
-0.52516
-1.075869
-0.07834627
-0.3128169
-1.325505
-0.9366941
-1.35203
-0.8467649
-0.8851286
-1.260566
-1.888517
-1.584881
-1.383624
-0.2883164
0.9052134
0.091944
0.08712984
-0.1451964
0.2724915
0.6011558
0.7079976
0.4405068
-0.1477035
-0.4454136
0.1624449
