-0.9184223
-0.5150304
-0.1339598
-0.6073461
-0.7140836
-0.9665791
-0.9361537
-1.209033
-1.275439
-1.156564
-1.178165
-1.698091
-1.301902
-1.27803
-1.124877
-1.067987
-1.104523
-1.019273
-0.6973154
-0.5661823
-0.51032
-0.3748375
-0.229799
-0.673934
0.990398
0.9692175
0.9519634
0.3758411
-0.06510185
-0.2472603
0.3925847
0.4538558
0.4140752
0.5657384
1.321647
1.421638
-0.5813972
-0.117505
-0.1590203
-0.2365812
-0.7398216
-0.6652538
-0.5712956
-0.5843649
-1.10887
-1.260221
-1.085682
-1.084429
-1.929703
-1.895195
-1.458119
-1.546225
-1.442611
-1.561933
-0.9275538
-0.949175
-1.079109
-1.070473
-0.8888831
-1.54531
-1.129596
-1.058021
-0.6360627
-0.7932757
-0.1018138
-0.01113138
-0.2116455
-0.4159532
-0.4937749
-0.426203
-0.4657832
-0.2079316
-0.5009944
-0.3552637
0.02272231
0.6876577
0.4544809
0.1553685
-0.1298669
0.2347372
0.2169234
-0.1428408
-0.2408217
-0.3278134
0.9164677
0.9902932
1.220219
1.327792
1.140829
0.7158996
0.5741596
0.4225907
0.1682878
-0.166071
0.08530531
0.2451823
0.8830476
0.8393067
0.6581085
0.8654472
1.260417
1.18183
0.7503712
0.6323093
0.3487309
0.2496836
0.1907258
0.451114
0.8978264
0.9282745
0.9149644
1.100346
1.385161
1.587333
1.821396
1.744729
1.832007
2.079849
2.121151
2.01867
1.325839
0.8506553
1.05847
1.002253
1.28511
1.359422
1.439863
1.550453
1.390424
1.483485
1.007603
0.6091912
-0.0193293
0.09387428
0.17319
0.05840247
0.4538433
0.8457736
0.6548433
0.5249946
0.3243871
0.1488714
0.424079
0.3848274
-1.465288
-1.253405
-1.444631
-1.618627
-1.873202
-1.619845
-2.217847
-1.975739
-1.802785
-1.930889
-2.272423
-2.363051
-1.671895
-1.583152
-1.897417
-2.003102
-1.574029
-1.120225
-0.8976926
-0.9551668
-1.024302
-0.9344959
-1.166501
-1.397314
-0.2082221
-0.2430974
-0.3471256
-0.2477082
-0.007313222
0.1967303
0.5825507
0.4045768
0.4362047
0.2824174
0.3344068
0.4970308
-0.7656071
-0.2363929
-0.7879729
-0.9087742
-0.8752953
-0.89179
-1.055097
-0.8096708
-1.051176
-1.352474
-1.243114
-1.247556
-0.7933757
-0.5135259
-0.549944
-0.526562
-0.5166225
-0.4673386
-0.6470381
-0.06454401
-0.03191593
0.0910352
-0.2645887
-0.7916719
0.7226682
1.033208
1.10692
1.278932
0.9355801
0.8738748
0.9046875
0.6692224
0.6806371
0.5614923
0.4235549
0.5762789
-0.4497599
-0.4337436
-0.9175689
-1.298917
-1.480214
-1.749576
-1.378973
-1.527644
-1.453069
-1.485594
-1.5273
-1.115405
1.456663
1.477852
1.399253
1.411648
1.218679
1.403672
1.295436
1.229222
1.508561
1.904969
1.880448
2.202835
1.179298
1.364537
1.374253
1.311074
1.005395
1.084884
1.050706
0.9174544
0.8894538
0.7690135
0.9341429
0.8382414
1.677642
1.507848
1.813719
1.872791
2.072701
1.919937
1.937408
1.713657
1.591454
1.547359
1.349969
1.458902
0.974625
0.9648944
0.8110128
0.8874729
1.049491
0.9173436
0.5810263
0.53683
0.5976104
0.5428929
0.5246243
0.6488888
0.4967569
0.5040158
0.1855725
0.3643849
0.5355029
0.6975098
0.9286305
0.6399568
0.6273612
0.3976272
0.3394975
0.4465073
1.099426
1.203051
0.8817591
0.9060429
1.003617
0.6505241
0.4100373
0.2577778
0.3715241
0.1242774
-0.0697178
0.6321048
0.0196902
-0.3468302
-0.4654815
-0.3310437
-0.2570874
-0.4202226
-0.4506286
-0.4211692
-0.4710797
-0.601068
-0.7498322
-0.6210675
0.2981005
0.4353787
0.2550123
0.5904977
0.4504859
0.380525
0.2083881
0.1888012
0.3734361
0.6125019
0.5868914
0.2008458
0.3918699
0.4373123
0.8532808
1.188365
0.9130592
0.7859164
0.3285578
0.2703924
-0.003943185
-0.1036087
0.1950822
0.4688366
0.584802
0.4575389
0.7904149
0.7674756
1.147654
1.216925
1.21508
1.643116
1.840562
1.90364
2.127918
2.013572
1.476395
0.3272329
-0.09584712
0.2524898
0.4054267
0.3137932
0.2288521
0.2424762
0.4794675
0.7230612
0.787311
-0.03982621
-1.082718
-0.8597135
-0.7480686
-1.185976
-1.635865
-1.868026
-1.825693
-1.676895
-1.472405
-1.199684
-1.105353
-0.916279
0.8134499
1.159528
1.051614
0.8347608
0.8146638
0.9124075
1.103653
1.240529
1.364287
1.401647
1.468083
1.826544
1.495941
1.065613
0.6144333
0.5955324
0.6429752
0.6881484
0.8797867
0.9639216
0.9057977
0.9034705
0.8570301
0.5644066
-0.6430715
-0.9893392
-1.101407
-0.9065768
-0.7846164
-0.7840407
-0.4817355
-0.4812763
-0.3859076
-0.4809504
-0.6986155
-0.6682545
-0.8370255
-1.504934
-1.072054
-1.052434
-1.091924
-1.020734
-1.054682
-1.059108
-0.9955305
-0.7987676
-0.8301786
-1.01049
-1.080708
-0.9087726
-0.7932027
-0.7628393
-1.017362
-0.8861997
-0.9890662
-1.24843
-1.139182
-1.249149
-1.203937
-0.966315
0.2773266
0.09453045
-0.1180499
-0.4956724
-0.470599
-0.5550848
-0.7722908
-0.7793155
-1.002439
-0.8072828
-0.6760198
-0.4797191
-0.764002
-0.5653911
-0.3202237
-0.2506833
-0.5776439
-0.7361847
-0.7941236
-0.7802445
-0.5992882
-0.5304437
-0.4774753
-0.3854651
-0.4922689
-0.8413767
-0.8899462
-0.8870852
-0.7781842
-0.3275203
-0.305517
-0.2201108
0.0684487
0.3317598
0.2522579
0.655919
-0.6705879
-0.6581089
-0.6425042
-0.6434171
-0.8797877
-0.9072663
-1.002466
-0.9412368
-0.837804
-0.9828803
-1.392249
-1.297342
