1.783431
1.590476
1.375631
2.025113
1.821873
1.553672
1.593382
1.444698
1.27361
1.276495
0.9092915
1.163507
-0.6285303
-1.413054
-1.022337
-1.381054
-1.309856
-0.9392412
-0.6616094
-0.7573999
-0.5485802
-1.378873
-1.244824
-0.8634883
1.171031
1.608066
0.9730367
0.677121
0.5317996
1.263127
1.217627
1.550373
0.6625632
0.7587582
1.004484
1.150957
0.7685193
-0.1485505
0.02771136
0.1641618
0.5070531
-0.481645
-0.1520314
-1.365008
-1.549864
-1.050366
-1.604241
-2.028457
-2.461915
-2.745613
-2.151453
-1.656479
-1.241876
-1.39311
-1.388879
-0.8156876
-0.06834207
-0.2746839
-0.3715041
-0.4497473
-0.008450988
0.3381896
0.2876322
0.7423557
1.127658
0.2149367
0.2457483
0.3572737
0.5327378
0.2903212
0.5939822
0.6814964
-0.2200559
0.5547827
0.2181083
0.4163101
0.3881414
0.3811764
-0.1897882
0.8487081
0.7518895
0.4826765
0.6444024
-0.1274386
-0.7872425
-0.2679316
-0.7296396
-0.4381143
-0.7447044
-1.025982
-0.9603772
-1.223284
-1.3901
-1.235373
-1.599168
-2.503283
-0.5349925
-0.2058773
-0.1598215
-0.2904522
-0.581899
-0.3270863
-0.787285
-1.194103
-0.6723602
-0.7716503
-0.1281006
0.2701964
-1.230974
-0.5278417
-0.339108
-0.1078299
0.6851757
0.8712231
0.3689384
0.08388498
0.4027241
0.8725998
0.6095828
0.1628004
1.264666
0.7914888
0.9605411
0.6876989
0.7446843
1.129833
1.082578
0.9762626
1.153051
1.059356
0.4391578
-0.224927
-0.5076532
-0.512113
-0.3659
-0.6563294
-0.4430201
-0.09338767
-0.04175669
-0.3019426
-0.9484343
-0.1852388
-0.3457419
-0.3926273
-0.4890818
-0.04099496
0.03600207
0.3473402
-0.5770319
-0.11415
0.03552726
0.2587118
-0.7199489
-1.267852
-0.6732336
-1.44122
-1.411376
-1.359933
-1.420017
-1.821802
-1.766759
-1.264742
-1.183679
-0.4669323
0.2182307
-0.6645841
-1.19932
-0.05900294
-0.4042631
-0.5164064
-1.098123
-1.074167
-0.9276638
-1.044603
-0.3172959
-0.3656211
-0.8658649
-1.124729
-0.8434309
-0.5534425
0.4559042
0.6681528
0.4056121
0.4271722
0.2003969
1.172616
0.6402147
0.8978916
0.8219749
0.3213536
0.8610819
0.6748853
-0.1207904
0.1049224
0.2948884
0.3361083
0.3097592
0.3490307
0.1762722
0.1771776
-0.056256
1.20716
0.9029878
0.6795625
1.330779
1.219813
0.7630843
1.301707
0.8858457
0.5201285
1.283559
1.276818
1.276109
1.164318
1.414939
1.576363
1.941844
1.184315
1.681069
0.4710757
-0.03750876
0.04073001
-0.3279505
-0.7409967
-1.298558
-0.8054136
-1.125926
-0.8537133
-2.921674
-3.312515
-2.745853
-2.171839
-1.667113
-0.6592818
-0.5402575
-0.5995324
-0.5358106
0.1661344
0.5801181
0.4813193
0.8605301
0.9730982
0.4015977
0.6100987
0.2092933
0.8255848
-0.002525117
-0.107544
-0.02143055
0.3768898
0.5263232
0.9029449
0.1148363
0.1412958
0.2107133
0.3147974
0.06161173
-0.3415188
0.1178627
-0.4260421
-0.463937
-0.8993748
-0.4467174
-0.5496309
0.6472121
0.6897686
1.093075
0.9768528
1.482352
0.8433135
1.033527
0.8370097
1.298945
1.604775
1.38866
1.967697
0.5639799
0.284349
-0.1258469
0.2314639
-0.1171016
-0.5193672
-0.1632215
-0.5271569
-0.8192539
-1.221312
-2.07296
-1.699747
-1.405459
-1.187026
-0.9978999
-0.8438942
0.01068903
-0.7358844
-0.2191976
-0.4056702
0.06378286
-0.329267
-0.2950121
-0.3158062
1.052309
0.9934101
0.9724548
0.7357131
1.002781
0.5682461
0.5798669
0.6876528
0.8333251
0.8077558
0.2838497
0.4163511
-0.5998558
-0.1926844
-0.8068793
-0.5632067
-0.7942284
-0.4104472
-0.6142694
-0.2868159
0.4368739
0.6317695
0.7432628
0.4466544
1.26714
0.4031257
1.062011
1.455084
0.8005973
0.3036406
-0.3087334
-0.2642787
-0.7510577
-0.3963303
0.1575348
-0.7348832
-1.458095
-1.163881
-0.2341841
-0.5597774
-0.1482393
-0.4112198
-0.6382477
0.5596329
0.2074784
0.8047607
0.01998322
0.2302797
0.627178
0.2285944
0.505285
0.5939943
0.1618151
-0.4114529
-0.1562554
-0.677323
-0.3646572
-0.1137385
0.03690923
0.4392644
0.9560286
1.581001
1.327995
0.4916885
0.2272377
0.06777627
-0.02580491
-0.4343349
-0.2223574
-0.313865
-0.8482158
-0.6676937
0.2754551
0.2774296
0.1509136
0.5393365
1.142531
1.593011
1.732734
1.803628
2.11717
2.068481
2.127656
2.326048
2.128653
0.8951108
1.581609
1.231629
0.8171744
1.067296
1.177002
0.9193433
0.5873533
0.9727966
1.619391
1.287155
0.9950098
0.5038881
0.2291433
0.3448738
0.706452
0.05339348
-0.2043798
0.1313825
-0.08544739
0.4749559
0.6348183
0.8277315
-0.3378512
-0.1264998
-0.3402835
-0.0118473
0.1004143
1.10176
0.5145909
0.3282185
0.3814987
0.07207377
-0.2275708
-0.0958794
-0.2358517
0.5584602
-0.4828714
-0.3309996
-0.2894951
-0.2752103
-0.1450843
-0.4954917
0.07582258
-0.3912844
-1.02594
-0.7505425
-0.249784
0.1567269
0.06860989
-0.07190654
-0.468692
-0.6326243
-0.9330456
-0.5604239
-0.769968
-1.128897
-0.3865399
-0.6297376
-0.3788234
0.01147065
0.1577882
-0.2308309
0.5310845
0.7247336
0.9742283
1.302761
1.471639
1.735747
1.813122
1.835891
0.3812347
-0.03379459
0.08855873
-0.6582533
-0.6878237
-1.142926
-0.4907077
-0.4194539
-0.1249153
-0.08630953
0.5164838
0.2877153
-2.099053
-1.926726
-1.792279
-2.209809
-2.627213
-2.412647
-2.329473
-2.032049
-2.332782
-3.570092
-3.467102
-2.962002
