0.3590562
-0.2848738
1.048975
0.9988491
0.8192296
0.9261563
0.4030249
0.02309188
0.720952
0.7857357
0.777688
-0.1432054
0.6304368
-0.01860025
0.8438347
1.055058
1.129018
0.6270112
0.1556976
0.5289167
0.5689679
0.5285034
-0.0554653
-0.5233955
0.3134813
1.699443
1.037138
1.127891
1.037858
0.6794514
0.7557905
1.47855
1.166966
1.352867
1.236396
0.6151049
-0.5729868
-1.016073
-0.2407454
-1.448239
-1.174722
0.08278932
-0.4883602
-0.7569044
-0.4448379
-1.262188
-0.506295
-1.018799
-1.117591
-0.6994181
-0.06462942
-0.2290681
0.5038208
-0.1956811
-0.2517233
-0.3776367
-0.5527527
-0.08751326
-0.8496706
-0.7217457
-2.324915
-1.267568
-0.9508966
-1.086544
-1.691993
-1.810273
-1.951227
-1.494146
-2.438807
-0.6222651
-1.035564
-1.620891
1.262998
1.305009
0.472442
0.1110202
0.9732739
0.8629427
-0.1442975
0.7799998
0.6996362
0.7272196
0.6007196
1.530437
0.9276041
-0.1604147
0.8895356
1.033964
0.5141823
-0.02994814
0.2186851
1.03433
0.4072527
0.7269994
0.6017057
1.939554
1.721283
0.9407099
0.6484576
1.461648
0.7149093
1.104635
1.062046
1.004924
1.550491
1.009743
1.842392
0.9358818
-0.1804489
-0.4086675
-0.08906136
-0.4746138
0.8643618
-0.1145341
0.3026722
0.0009849073
-0.09514187
0.07917059
-0.0404855
-0.4709214
-0.898165
-0.6753291
-2.102161
0.08225257
-0.6124027
-0.9898022
-0.3331229
-0.6129063
-0.6938887
-0.2222288
-0.854417
-0.725931
1.602146
-1.473074
0.07376726
-0.2396058
1.078266
0.5557163
-0.4666476
1.115359
0.1685923
-0.3111099
0.7859265
-0.3944699
0.7560131
1.29212
1.034946
-0.1715077
0.5833808
0.1512037
0.1952767
1.346952
0.7273059
0.2339829
0.4128019
-0.01303789
0.1521749
0.9170789
0.4311875
0.07441331
0.684091
0.8850676
0.4559713
0.6422669
1.433036
0.5505198
1.056706
-0.04509922
-1.991997
-0.6596904
-1.42047
-0.7152207
-0.7667476
-0.8257242
-0.5150882
-0.7533244
-1.115243
-0.1696967
-0.6376097
0.1047534
-0.6190181
0.2140171
-0.5269918
-0.3844308
0.01824622
-0.2024556
-0.05651749
-0.7177145
-0.4296854
-1.047776
-0.6504043
-0.06274027
-2.814539
-3.468144
-2.587947
-1.747196
-1.658915
-1.700833
-1.960189
-2.266098
-1.487256
-2.299121
-2.078571
-2.134222
-0.7740134
-0.6421078
0.3770462
-0.02807143
-0.7657977
-0.1590132
-0.1739093
-0.526276
-0.335959
-0.5430503
0.01491579
-0.2859113
-0.8248969
-0.2941337
-1.196496
-1.730745
-0.7074296
-1.356944
-1.162783
-1.012908
-1.491221
-1.120689
-1.24772
-1.336183
-0.1651768
-0.6880302
-1.176773
-0.464041
0.1163658
-0.01742127
-0.02544393
-0.008509943
-0.03938998
-0.5385649
0.4451369
-0.8036582
0.7157182
0.473281
1.467195
0.3847567
0.2635702
0.2812335
0.9595956
0.6026132
-0.09505472
0.1483641
0.1507102
-0.159794
0.6705788
3.245257
2.870343
1.262232
0.5090177
1.184541
1.089445
1.221504
1.202372
0.920467
2.109285
2.669014
1.367733
1.515658
0.6504818
0.8641841
-0.09505199
0.3902722
0.139233
0.985236
0.5617735
0.7607798
0.3916349
0.4641447
0.20081
-0.6031195
1.047002
-0.1461056
0.2055377
0.9083742
1.086046
0.7871634
0.2431483
0.7623835
1.759225
1.091737
0.5476365
-0.01258447
-0.6372661
0.5552214
1.054276
-0.04554891
0.8717204
-0.09180992
0.3506851
-0.2545555
0.4243957
0.644918
-0.9690399
0.7461952
0.2181328
0.1313836
0.1799636
-0.15251
-1.054407
0.05441635
-1.067501
0.08067685
-0.5646017
-0.07345018
-0.4426149
-0.5161136
-0.599938
-0.2898312
-0.8252226
-0.7392153
-0.3160012
-0.9382519
-0.6237054
-0.6379673
-1.408417
0.3897747
-1.871176
-2.182688
-1.873152
-1.866215
-2.687141
-1.923328
-1.834872
-2.58425
-2.323318
-1.610457
-2.991812
-2.307754
-0.7087783
-0.524547
-0.007271924
0.1493505
-0.516526
-0.3253643
-0.2752421
-0.3928195
0.1186013
-0.5249534
0.3611687
-0.8059292
-0.1365313
0.9628997
-1.107183
-0.4454803
-0.7476275
-0.02982596
-0.1974698
-0.8541761
-0.2160126
0.03374679
0.2826812
-0.06322701
0.8812589
2.634975
1.417381
1.361089
0.2991754
-0.1154162
1.472387
1.059342
2.04766
0.9132184
0.5815899
0.6132467
0.6453865
-0.3057794
0.4249831
0.5242196
0.008042745
0.1412838
0.5376933
-0.01186065
0.2151095
-0.6433562
-0.8254055
-0.4995223
1.593298
-0.1824828
0.1436168
0.4007787
0.28932
1.206381
0.4582686
0.5153878
1.006199
-0.5315223
0.6893855
0.6884542
0.1001517
-0.08759038
1.115018
0.0411313
-0.5918303
-0.1209682
0.0006690478
-0.1395955
0.2460072
0.1666095
-0.1405235
0.03376511
1.65793
1.249805
0.7815604
0.1062103
0.2433124
0.5501196
-0.1247405
0.09562427
0.6698938
0.9628825
-0.1998822
0.1546862
-1.476167
-1.785666
-1.982156
-1.793228
-1.999421
-1.836094
-1.296075
-2.42396
-1.653871
-1.417505
-1.766623
-0.9831446
0.7681881
-0.3590722
-0.3085737
-0.09276379
1.211828
1.036841
0.500868
0.6384786
0.3721544
1.311021
0.3527878
0.9813525
-0.0222103
0.6627356
-0.6193237
0.5118236
0.1997643
0.4723286
0.1031441
0.7036073
0.1589795
0.8207244
0.714325
0.7372024
0.9055653
1.075159
0.5630496
0.8594297
1.362978
0.7911685
1.374783
0.8047755
0.8763005
2.177082
0.7994081
1.255514
0.09131946
-0.6507285
-0.09051693
0.2378857
-0.03397026
-0.1502783
0.4885453
0.550415
-0.3903038
-1.182936
-0.5049291
0.3831871
