1.183424
0.523823
1.142198
0.9041831
1.102396
0.7790639
0.1233324
1.416218
0.5626053
1.291444
1.251088
1.929772
-0.7286452
-0.7235484
-0.1528434
-0.1353053
-0.4111657
-0.651707
1.037408
-0.5970358
-0.001642272
-1.722862
-0.6186066
-1.322614
0.6630291
1.108844
1.686471
0.8589933
0.8819434
2.28677
1.524761
3.236585
1.728303
1.159615
0.1136056
0.3948951
-0.7551962
-0.1972295
-1.557023
-1.478948
0.2654355
0.2031645
0.5648165
-2.543276
-2.209541
-0.54529
-0.1951472
0.3877793
0.2461618
0.4093907
-0.411329
-0.2270556
0.8316466
0.9854967
-2.111875
-1.018561
1.120412
-1.109749
-0.7212491
-0.2775771
0.4947534
0.1494914
1.351702
0.8799146
2.100412
-0.7157099
-0.4821067
0.886927
0.1825735
0.1273794
-0.2601652
0.2183246
0.1252829
-1.368523
-0.5272705
-0.535515
-1.550695
-0.7530239
-1.827426
-0.559395
-1.809808
-1.431067
-1.281033
-0.9562744
-0.8719398
0.7743454
-0.3146037
-0.6753069
-0.02609705
-1.6302
-1.016179
-0.7840461
-0.7865152
0.1070426
-1.009513
-0.6570872
1.480952
1.037611
0.8526419
0.889957
0.4133277
2.714963
1.500986
-1.00804
1.230676
2.100336
0.536602
0.9844232
-0.4657117
-1.137785
-1.217252
-0.3406501
0.4331868
-0.3209097
-1.121351
-1.080481
-0.383835
0.1642731
-1.102354
-1.134473
-0.703539
-0.130712
-0.5653179
0.423422
-0.749002
-1.148676
0.4795795
0.3152443
1.574144
1.246995
-0.7691717
1.120984
-0.4071344
-1.357165
-0.911917
-0.3161005
-0.2049247
-1.772879
0.5812095
-1.031926
-1.615408
-1.303099
-0.6936907
-0.4297416
-0.8973227
-0.03987726
-0.3634793
0.7369399
-1.242779
1.12358
0.6417776
0.6650876
-1.239077
-0.5961602
-0.6450132
-0.1793418
0.1890844
0.1722412
0.2065916
-0.6473815
-0.3218015
0.3855299
-0.172902
1.392222
-1.97837
-1.32577
-0.178252
-1.143514
0.1275002
0.6257365
0.1594809
-0.2467828
-1.57339
-1.3138
-0.7086209
-0.8083336
-0.5359743
-0.6369156
-0.5753411
-0.7605093
-0.03238641
-0.5455642
-0.5401816
-0.4305959
-1.139393
0.8953386
1.116706
-1.803342
0.588342
0.7160702
-0.07865678
-0.4231208
-0.5753258
0.1768129
0.4778384
0.7285213
-0.424401
0.8982986
2.17247
1.137285
0.618609
-0.1993584
0.4933052
0.01011867
0.3358466
0.5043255
1.510626
1.758204
-0.4462031
0.6255223
1.454207
2.437661
1.270882
0.4457156
1.085156
0.7313107
0.8186383
1.337169
1.713767
0.9350057
0.4720351
2.091195
0.1628973
0.08569473
1.049029
1.214011
2.021823
1.657596
-1.258472
-0.05502172
-1.559432
-0.6272555
-0.1329306
-0.5342951
-1.449843
-0.04564781
-1.273846
-0.882979
-0.7661189
-0.4053884
-1.002653
-0.5109293
-0.7737327
-1.716947
-1.423147
0.1412247
-1.425516
-0.7912323
-0.9763401
-0.342084
-0.576967
-1.268366
-1.647948
-0.9463641
-1.025196
-1.176958
-1.212951
-0.8786111
-0.3575456
-0.1461923
0.6721789
-1.130798
0.02625866
-0.758787
1.134913
0.6047239
1.304232
1.123406
1.588813
0.5725219
1.593551
0.06952365
1.004676
0.6423676
0.6846598
0.8736494
0.4709353
-0.2022843
0.8392394
0.5427149
1.393723
1.36083
0.7190944
-0.5297129
0.3007581
0.0891508
0.3075758
-0.1273969
0.0516878
-0.05577742
-0.5536715
-0.5579665
-1.101313
-1.301188
-0.625644
-0.535983
0.4944235
-0.5760946
-0.877299
0.1693895
0.6389922
1.469834
0.6706772
0.9308195
0.3724652
1.455324
-0.2776393
1.738628
0.2069665
0.598913
0.8325318
0.9610508
-0.1429908
-0.3947008
-0.1136275
-0.8253495
-0.2179662
0.700968
-0.3116528
-0.5227103
0.3064537
0.8238768
0.3219917
0.9365007
0.1366125
0.1326628
0.1496525
0.5939682
-0.6654889
-0.3138609
-0.109318
0.2736543
-0.1834694
-0.1916533
-0.2776271
-0.06719641
-0.7032926
-1.158927
-0.4410126
-0.265417
0.2444277
-0.6380162
-0.1513087
-1.138256
-1.793695
-1.126454
-0.9527102
-1.634297
-0.8637035
-1.519967
-0.7333884
-0.1317407
0.2562895
-0.8109176
-0.3295518
0.03055001
-0.4013349
-0.7716581
0.3878541
-0.2495845
-0.1905154
0.1958022
-0.4392161
-0.5686346
0.1520797
0.4856764
2.313693
0.4484757
0.9742478
-0.3198024
0.1351136
-0.2550626
0.8897641
0.5950443
0.6906297
-0.241468
0.07117581
-0.3778258
-0.8051376
-0.5040783
0.2727051
0.565811
0.2925855
0.6386323
0.260785
-0.4940575
0.01145831
0.8162215
-0.5885946
-1.126709
0.7369462
1.165272
0.7683591
0.6392488
0.2030257
-0.04270085
0.1275837
0.08833992
0.2215339
0.4324213
0.637542
0.2162596
-0.8601661
0.4455093
-0.2525303
0.8896677
0.6419876
0.3704917
-0.3055086
-1.054539
-1.056583
-1.493764
-0.1413487
-0.5674865
-1.865861
-0.2789879
1.678225
-0.1121819
-0.3965595
-0.0010162
0.9923358
0.2680972
-0.4136446
-0.1860586
0.6722609
-0.9987969
-0.2475607
-0.3755192
0.5268883
0.4005604
0.7196094
0.1661278
0.9021673
0.9015896
1.089972
-0.07382111
0.1230452
0.5806354
-0.0009945771
0.3378662
0.5461074
0.6427172
0.8484634
1.058421
1.32632
1.293565
1.422084
1.012557
3.175311
1.33607
1.318817
2.455783
1.309408
2.02819
2.960315
1.890653
0.3692169
1.134116
0.1328481
0.005977051
0.9241837
-1.546809
-0.6735402
-0.3003777
-0.4670318
0.5192916
0.2826365
-0.08390432
-1.78703
-1.914494
-2.203565
-0.8454238
-2.642144
-2.471627
-1.077947
-2.033067
-2.90715
-1.850113
-1.862706
-1.946975
