-1.746147
-0.429412
-0.5579031
-0.3525246
1.162429
-0.02854949
1.070089
0.8045817
1.498467
1.311079
-0.2111943
0.5501165
-1.278305
-0.9865652
-2.057534
-0.5919116
-1.900904
0.1562345
0.4406561
-0.3042797
-1.2844
-0.1332149
-1.927458
-1.028729
0.9620926
0.5854223
0.002520372
-0.8079676
-0.1748033
-0.2492919
-0.9621963
-0.9896858
-0.4196547
0.5509941
1.920572
0.781248
-2.103123
-1.45133
-0.433615
0.3718213
-0.6070311
-0.08069025
1.294262
-1.159284
0.5892127
-0.1133848
-2.076005
-1.037408
0.9678006
-0.6633408
0.3714809
1.198525
-0.482802
-0.1302097
1.490016
0.3119591
-1.078166
0.009760585
1.687809
-0.2294665
2.567056
0.5812781
0.4670089
0.3623678
-0.7729824
0.207146
1.30643
0.7320537
1.27012
-0.6307169
-0.3578096
-0.04035482
-2.291086
-0.5935339
-0.7208408
0.4982572
0.04514418
1.225224
0.2745014
-0.7646549
0.8277308
0.516239
0.7314142
-0.682974
-0.0565533
-0.8741989
-2.922851
-0.5872406
-1.193552
-0.3119157
1.289838
0.9679395
1.294941
1.741155
0.5274079
-0.3295229
0.5056884
1.39035
0.5464728
-0.9328434
0.8838146
-0.8664039
0.5582603
1.179612
0.7059655
-0.2715595
0.4665008
1.173886
-1.060038
-0.2037752
0.1013276
-0.1945133
-0.2456864
-0.4991948
-0.8357431
0.006060769
-0.5826465
-1.961729
1.282464
1.208864
1.496618
0.5361846
1.43214
0.02417343
0.5061483
1.821635
0.4102598
1.195469
-0.1047408
0.2235252
1.603023
-0.2633569
-0.8997701
0.7069522
-0.2912175
0.2121941
0.0462225
0.7498166
-1.271726
0.6641923
1.579864
0.04629571
-1.492861
-1.407468
-0.6908101
-2.425463
-0.9919462
-0.4849107
-0.5297281
-1.69405
-0.05168245
-0.5227003
-0.8624685
-1.376591
-0.4587118
-0.5655109
0.484238
0.1415964
-1.79015
-1.556253
-0.916176
-0.8752595
-1.241413
-0.6747013
0.6134149
1.141098
0.5623305
0.2417006
0.2583662
0.1928512
-0.5832247
-1.168661
-0.2249967
0.7552849
-0.5447656
0.0655087
0.3589642
0.5746104
-0.7326596
0.7636905
-1.893964
-0.9069687
1.77543
-0.2969962
0.4051807
0.01263663
-0.4603185
1.108271
0.8461523
0.2050504
0.07207484
-0.8825316
1.358302
1.662106
0.6783451
1.134479
0.882393
0.2367434
0.4789613
-0.3383964
-0.1790026
0.3085798
0.9637883
1.164317
0.3302621
0.7327971
0.07898476
0.4827175
0.05020145
-1.59146
-0.6539542
-0.6879933
-0.7740064
-0.08318064
0.255067
0.08989502
1.156088
0.4902455
0.2937198
0.4408189
0.6579797
-0.01996053
1.757345
1.001441
0.811213
1.14982
-0.6211734
-0.02602992
-0.3546936
-0.8818916
-0.609678
0.3503896
-0.8108118
-0.2034716
0.2351986
0.2448654
-0.5163512
-1.219029
-0.7771359
0.1904841
-0.5467889
1.206259
-0.2007315
1.254356
0.1836948
-0.8633315
-0.5034782
0.471637
-0.6260402
0.1480511
1.652934
2.459904
1.968374
1.157544
0.7784334
1.428513
1.443885
0.5690849
-1.489865
0.4259528
-1.300641
0.2219369
-0.6091934
-1.341572
-0.7752779
0.5161164
1.694585
0.5674306
1.349613
0.4358184
0.05131206
1.079747
-0.238215
2.123873
2.482711
2.874881
0.9584093
1.831914
0.3591674
-1.250329
-1.24165
-0.3933996
-0.8959152
0.09846696
-0.3899256
-0.4126908
-0.7578964
-1.010543
-1.161436
-0.9884701
-0.07917149
-0.7093133
-1.455087
-1.16661
-0.9542877
-0.04793626
-0.84177
1.093486
-0.4609987
-0.544483
0.4462603
-0.006071128
0.9027071
-0.6182534
0.1377303
-1.19475
0.07257465
0.2144713
1.367849
-0.2370879
0.7393844
-0.8917888
0.04184514
-0.9453186
-0.4539986
-1.546188
-0.997041
-0.7284222
-0.6697991
-0.6909067
-0.4846121
-1.007489
-0.2270254
-0.4265161
-1.242658
0.08618724
-0.16205
1.511599
1.22691
1.372952
1.168347
-0.844955
-0.5367163
-1.018945
-1.261349
0.1728708
0.9855771
-3.051568
-0.8092794
-0.8562219
-1.369997
0.7205501
-1.359178
-1.293203
-1.286996
-1.168105
-0.4022688
-1.056144
-1.517665
2.974411
1.452014
0.6891836
0.2770009
-0.2463612
-0.2157544
1.057031
-1.394015
-0.5844029
0.7639011
0.02484233
0.06614943
-0.5468349
0.1603694
-0.698099
0.710651
-0.5757312
-0.7994345
-1.761005
-1.222646
0.1429614
-0.8598515
-0.5863668
0.08298446
-0.7175128
1.136279
0.6024907
0.7208961
1.016148
0.2209852
1.054069
1.761467
1.442477
0.9310688
0.8061613
0.71201
0.525247
2.53912
1.492798
2.510139
0.7517804
0.8324302
-0.1636532
0.6588518
0.1339041
-0.4594817
0.6330885
1.959957
0.5608479
2.108215
1.334612
1.017259
1.782184
1.51869
-0.3939281
0.1025019
0.2669745
0.01577789
-0.179768
-1.37585
-0.04119485
-1.529175
-0.4079906
-0.4711112
-0.448063
-0.7324511
-1.893695
-2.124661
-0.7811136
-0.1694715
-0.4153844
-1.396268
-0.8355438
-0.7950599
-0.1636532
-0.7335663
0.2899545
0.1131439
0.2871034
-0.8620889
-1.302482
-1.616191
0.0378128
0.7727945
-1.34009
-0.7710307
2.004149
0.4919568
0.06116323
0.6474351
0.4411989
1.568223
-1.532615
-0.5151118
1.038355
2.387402
1.412686
0.1373586
-0.3946977
-0.7152717
-0.2920221
0.1137419
-0.326398
1.521608
1.042971
0.2604221
0.4315043
0.3335714
0.7741547
0.3227367
0.2892582
0.008036394
0.732002
-0.9350996
-0.1331939
0.06464359
0.1457121
0.183723
-0.2452265
-0.4264396
-0.1883058
-1.58863
-2.638467
0.1217222
-0.4385919
-0.766099
-0.4169607
-0.3245389
-0.6966135
-1.09613
-1.43737
