-3.783203
-3.230702
-2.096758
-2.136302
-1.396496
-1.323192
-1.070326
-1.260459
-1.224642
-1.977528
-2.078788
-0.7347646
-0.2999728
0.1774701
-0.3009177
0.6281762
0.07215225
0.680125
0.335569
0.9144476
1.362828
0.1298718
-0.8902985
0.04888885
-0.6366693
-0.9951009
-1.553875
-0.5623892
0.1158672
-0.5905289
-0.4002513
-0.2835535
-0.1502752
-1.083383
0.5718835
-2.061507
-1.98176
1.188652
0.4332871
0.02633334
0.3434887
-0.09794635
0.2668839
0.2061907
-0.1627388
-0.4218768
1.541625
1.213803
3.289945
0.827221
2.125713
0.4484474
-0.02518669
0.8335571
0.4464289
0.8223087
0.9886847
1.474032
0.2236634
-0.1298575
0.6731955
1.279589
-0.9554627
0.3007009
-0.4360605
0.3428758
0.4018394
0.7563369
-0.035201
0.09880763
-0.3524451
0.8872789
-2.998431
-0.3840652
-0.06064001
0.293763
-1.019578
-0.1641439
0.4624026
-0.334666
0.480496
1.467134
-0.9094323
-1.12878
-0.6387896
-1.384142
0.6327471
-0.5158382
1.080028
0.5348413
0.6503215
-0.2788683
-0.2341985
1.283575
2.177376
0.9872983
-1.884482
-1.018948
0.1409437
1.14234
-0.2004014
-0.3629801
-0.4607072
-0.08812289
0.194775
0.4245574
-0.6090572
-0.7765101
0.3537241
-0.01087748
-0.1149829
-0.4813055
0.03701386
-0.2689851
-0.02151232
0.5839803
0.52387
0.60726
0.9166609
0.3616102
2.525792
1.681798
1.031044
-1.059115
0.6182731
0.06744427
0.1014911
0.4275195
-0.001625489
0.508019
0.3022346
0.03483658
0.8535859
2.937252
2.021183
0.4870732
0.6362712
0.4427932
0.4639277
1.108286
0.441937
0.3128785
-1.351011
-0.5276647
0.6523559
-0.296659
-0.4218906
-0.1022913
0.02244529
-0.625419
0.520872
0.8759187
0.463625
-0.5273975
0.3270152
1.562666
1.955838
3.075219
1.219168
0.3884615
1.582246
-0.0213211
0.34681
0.5035527
0.6277907
-1.262933
-0.1624512
1.575232
1.889524
1.436624
0.875899
0.07912744
0.1635987
-0.2958939
-0.1401094
-0.2405615
-0.760029
-1.235846
-0.3889982
-0.858887
-2.124795
-1.227868
0.120977
-1.210752
-1.018368
-0.006812283
-0.03714915
-0.5950034
-0.9240479
-1.221538
-0.03664392
1.273752
0.5066173
0.7510035
-0.004367349
-0.1168392
-0.3456032
-0.7704782
0.3678504
0.2162453
-0.3278767
0.8512176
-0.1855737
-0.4693926
-0.8093012
-1.501947
-0.720565
0.03635895
-1.30775
0.2809775
-0.3981718
-0.02055033
-0.5072612
0.7751672
-0.2164035
-2.007409
-1.375458
1.31105
0.9817955
0.9496976
-0.3703224
-0.5491968
-0.1840198
0.4715094
0.03376037
-0.497629
-1.166053
-0.6616974
1.3505
1.281971
1.76586
-0.5595223
0.1624889
0.06783318
0.2245473
0.06462453
-0.03794101
8.158961e-05
-0.974197
-0.1942769
-0.6742494
-0.6764621
-0.5453714
0.1501763
0.4582455
0.3430491
0.3881363
-0.1991362
0.2669407
0.06468663
0.6093663
0.591772
0.6785231
2.00334
1.829691
-0.1763294
0.7811616
1.086965
-0.1751766
0.4240002
0.5233065
1.348795
0.6136005
-0.3914681
-0.3088762
-0.6435037
-1.724723
-0.7092379
0.2008832
0.2220459
-0.3180737
-0.35346
-0.9079366
0.1003994
0.0813743
-0.9133445
1.594708
0.7289062
-0.1668329
0.6239097
0.6783751
0.7179285
-0.2568169
0.4922517
-0.2823624
-0.4089003
-0.6351709
-0.09921335
-1.125579
0.9637222
1.850369
0.5437009
0.1660349
0.5717922
0.5106928
0.213098
0.4046913
-0.9899708
-0.08906923
0.6045729
-1.082
-0.5190535
-0.8158811
-0.1587244
-0.6075729
-0.3577231
-0.3983895
-0.3993316
-0.08076077
-0.7492869
-0.2597148
0.1225196
1.007234
-0.7552112
-0.9258821
0.05928338
0.5128687
0.824509
0.2546898
0.1616611
0.5204437
0.782985
1.022809
-1.07905
0.04237801
-1.581459
-1.265371
0.005206658
-0.1318897
-0.1078297
0.6937085
-0.8226385
0.1591956
-0.4286407
1.216258
2.19182
1.99842
-0.760617
1.255855
1.193435
-0.2216274
-0.05436561
-0.08106052
-0.347308
0.2144839
0.4240085
0.1935241
1.55059
2.728208
2.802907
-0.5954306
-0.53452
0.3004139
0.101922
0.1249112
-0.1448201
-0.1129453
0.5158213
0.1933336
-0.03701014
-0.5191097
-1.758166
0.08052143
0.2239746
0.2699339
-0.358337
-0.5115163
0.2776746
0.1829719
-0.5425465
0.5899836
-1.977549
-2.67822
-3.528224
-1.748069
-1.071009
-0.8652459
-1.212145
-0.8208348
-1.679218
-1.398618
-1.163444
-2.363804
-3.538939
-0.7355435
-1.151356
0.2093539
1.575927
0.4071582
0.0455309
-0.9171799
-0.3837409
-0.01478176
0.7274005
2.122704
1.673066
1.442414
0.7058328
2.107137
-0.8862206
-0.3891359
-0.657605
-0.5186808
-0.5641147
-0.2010563
-1.116289
-0.7993039
-0.9545636
-0.5547802
-0.7780269
-2.750561
-0.02907343
-0.2780423
-0.2388193
0.1774345
0.2333664
0.1042856
0.7664984
0.04803649
1.437575
-1.158196
-0.09018257
0.06014117
0.3027281
-0.08759356
-0.02549751
-0.08020946
-0.5208912
0.08884696
0.4783373
0.09211089
-0.2142042
0.07362164
-0.6274477
-0.1063941
0.953869
-0.3135062
-0.1795268
-0.4161536
-0.6551419
-0.9925454
-0.651033
0.2582518
1.955383
-0.7587611
-1.191587
-1.648821
-1.642153
-1.003589
-0.8404189
-0.6485866
-0.9280681
-0.08499848
-0.8884785
-1.293022
-0.1779822
0.7897365
1.285778
0.9357015
0.4521566
-0.05611615
0.4234656
-0.1466434
-0.1733059
-0.4793124
0.6056328
0.1669402
-0.8710027
1.605125
-0.4217463
-1.229834
1.033241
1.432603
1.5107
1.273238
1.55187
1.391813
1.494156
1.588982
1.849716
