1.93697
0.9547818
1.753452
1.794492
1.58353
1.982193
1.778673
0.953114
1.80739
1.173528
1.572824
2.066114
-1.01125
-0.9161424
-1.720696
-2.068372
-1.083104
-1.37646
-1.691512
-1.424777
-1.322174
-0.7783746
-1.488126
-1.417371
0.9676528
0.6979398
1.655017
0.629226
0.5154511
2.385834
2.141718
0.2995983
0.1546226
0.4100455
0.2403826
0.8935599
0.08011007
-0.09140691
-0.3905016
-0.6320711
0.3137001
1.411043
-0.8245625
-0.1149751
-0.5040081
-0.3449621
-0.6476095
-0.005916897
-0.3110769
-0.9372508
-0.7671269
0.4171253
-0.1281981
-0.8376613
0.2207912
0.3410041
-0.07979982
-0.5459738
0.1295907
-0.2522345
-0.3103954
-0.1739102
0.9103805
0.3007933
-0.1919484
0.4961485
0.9015075
1.121369
1.007226
-0.2671349
0.3201069
0.2376339
-0.07038037
-0.9051719
-0.641094
-0.1150501
-0.1708463
0.8705601
-0.6250358
0.8595667
0.2403946
-0.1525263
0.459599
-0.5340801
-0.9424922
-0.5239714
-0.8346463
-0.349064
-2.444282
-2.462748
-1.491319
-1.845315
-2.559482
-0.7593728
-1.345463
-1.017832
1.006071
0.8705604
0.3531103
0.03855129
1.045711
0.3387735
-0.6701536
1.016439
0.1549198
0.822674
0.7408222
1.307172
-0.6309802
-0.5766354
-1.290271
-0.462845
-0.6005827
-0.8035544
0.1054014
0.1950836
0.4728331
0.2589948
-0.5288969
-0.5172777
0.2106499
0.453437
0.7336601
-0.05098442
0.098711
0.2701314
2.097459
1.968425
0.8036801
0.6938707
0.5115269
0.2271374
-0.8399954
-0.6779258
-0.7339894
-1.516758
-0.6738933
-0.7721344
-0.4566151
-1.53536
-0.4408734
-1.55108
-0.9665151
-0.9861341
-0.7685974
-0.7368486
-1.53308
-0.3914546
-2.172961
-1.535287
-1.048844
-1.312827
0.4707003
-1.216888
-0.436957
-0.8975163
0.05120002
-0.7369412
-1.437204
-0.3363246
-1.269024
-1.374958
-0.6125669
-0.2919475
-0.2048703
0.004051309
-0.2494014
0.210489
0.08898276
0.6046962
-0.3435117
-0.3011858
-0.7031179
-0.23186
1.988689
0.6899772
-0.01451311
0.1877724
0.03948812
-0.3109542
0.278221
-0.06436391
0.6082367
0.8374337
0.5374973
0.1339743
-0.8859447
0.6353734
-0.6310161
-0.7191886
1.60313
0.6502612
0.720485
0.9623854
-0.1793327
0.3945729
0.3732602
-0.2842911
-2.043125
-0.7380177
-0.4732257
0.5993077
0.5493945
0.511439
0.6549612
0.9076399
0.6161607
1.391352
0.2878425
0.1992226
0.7093093
0.9220446
0.5916001
0.6688206
1.053069
1.216658
1.428607
0.7993556
1.330015
1.153012
1.583788
1.549606
0.4463589
0.8071477
0.3556989
1.174278
1.298261
1.645988
-0.8904371
0.07280555
-0.3257366
0.04778955
0.1819972
1.477093
-0.100779
-0.4472399
-0.8692059
-0.627919
-0.4459784
-0.3858325
-0.02435349
0.1950861
-0.05440152
-0.1854322
0.4474218
-0.4811241
-0.00384559
-1.15047
-0.3879303
0.9619195
0.4825782
-0.2488762
-1.501796
-0.577826
0.06123777
-0.8309605
-0.4060246
0.1572684
1.088908
-1.149198
-1.123467
-0.6595701
-0.716548
-1.354782
0.2415055
0.6973441
0.9511494
0.2775235
1.803855
0.7884791
0.1619108
0.2830195
1.692809
1.006922
1.165326
1.255311
0.3897813
0.2800888
-0.1309875
-0.07811853
-1.424266
-2.243299
-0.0713962
0.07717884
1.179197
-1.4726
-0.5535471
-0.06046867
-0.01273527
-0.521352
-0.5744699
-0.06788466
-0.502109
-1.177336
-0.1927641
0.09451456
-0.4064482
-0.2155553
-1.094663
-0.471813
0.5391267
0.8044407
0.4176656
1.017166
0.7689618
1.20637
0.02424525
-0.5258461
0.4083071
0.6340075
1.149704
0.2340229
-0.4265095
-0.5654445
-0.5589605
-0.470453
-0.7612123
-1.341676
-0.515214
-0.5944212
0.9815967
0.5433674
0.2865644
-0.3885506
-0.06413493
0.8183472
0.4302742
0.2639624
0.2824608
0.3564208
-0.1975097
-0.3909241
-0.9869472
0.6113179
0.06152831
-0.0775803
-0.358261
-1.119473
-1.285466
-1.509815
-0.7764898
-1.247032
-1.757651
-0.8722789
-0.4171238
-1.852562
-1.767206
-1.067923
-0.6990605
-0.4567187
0.03359905
-0.2637806
0.08607665
0.3965909
0.3165759
-0.880779
1.838702
0.1282725
-0.3167768
-0.4574855
-0.09024799
-0.4664487
-0.001737926
-0.1152039
-0.1848178
-0.4663492
-0.8095979
0.166297
-0.1831086
-1.050315
-0.9931155
-0.2874807
0.3605092
0.5999504
0.2691452
0.3410707
0.6066678
1.437961
1.181625
1.802337
0.9551598
1.500248
1.267896
0.5023917
-0.1721176
0.2180948
0.09002415
-0.738092
0.2661106
0.2997567
-0.08880655
1.024406
-1.023351
0.4385604
0.43405
0.2629379
-0.02737446
-0.06596635
0.5632477
0.6663241
1.082236
-0.6822978
1.077909
0.7484148
0.3235334
-0.4271681
-0.3881281
0.01581369
-0.275636
-0.2110048
0.9669643
0.02197768
-1.054344
-0.610074
-0.4191445
0.127943
-0.5347618
-0.5705298
-0.8810738
-0.6182424
-0.1860449
-0.6200852
-0.376608
1.093059
1.026617
0.9647774
0.2777704
0.01821526
0.8420768
-0.0731709
-0.5841622
-0.2608341
1.025991
0.9033841
0.8698148
1.059065
1.29054
-0.0739328
0.1737012
-0.1262026
-0.3068818
1.041228
0.446645
1.049695
1.871817
1.892445
1.703119
0.803085
2.866514
3.332544
2.099109
1.594367
2.705401
2.524832
2.011606
1.820713
-0.1673181
0.5409767
0.8820397
0.2682059
0.5600111
0.1810041
-0.5276197
0.05729786
-1.348032
-0.1449494
0.1296685
0.1189403
-2.360417
-2.564106
-2.204762
-2.464471
-3.14227
-2.260474
-1.732447
-2.323613
-3.035952
-1.7695
-2.311177
-2.316679
