-1.590988
0.8088577
-0.4423614
-0.2849657
-0.7012594
-0.3236734
-0.2406936
-0.9153128
-0.5864994
-1.110026
-0.9601282
0.1644595
1.919146
-0.2519675
-0.469518
-0.3167015
-0.3383019
0.5654162
0.3846589
1.203303
1.041344
-0.07265104
-0.1024264
2.871412
-2.30459
-0.6905395
-2.340033
-1.323722
-0.8054859
-0.4757233
-0.9464454
-0.7177401
-0.3509509
0.03905129
-1.359896
-0.8761978
1.278895
2.701945
0.8444813
1.69668
0.9378523
-0.2682499
0.7020451
0.9474474
0.765026
2.036298
0.3995409
-0.2643903
0.7531222
-0.2195857
0.4846698
0.4050848
0.6573032
0.9676256
0.735909
0.8267923
1.726507
1.124362
-0.0390184
1.195845
-0.4865862
-0.6309282
-2.091596
-0.7152239
-1.174433
-1.899886
-0.9039629
-1.386987
-1.76055
-0.9781713
-2.665456
-1.537944
-1.566533
1.519114
-0.3095616
0.8756739
-0.6511997
0.1004147
0.1949839
0.113392
0.2591268
0.2551019
0.06905304
-1.294808
0.09230854
-0.02091378
0.5609778
0.9417408
0.2483235
0.010634
0.7071494
0.2476636
0.5067786
0.2494626
0.2567186
-1.396182
-1.854208
-0.4786629
-0.6315202
-0.7066077
-0.3938082
-0.7901129
-0.06407596
0.4793966
0.1884212
-0.814252
0.1064175
-0.6803231
-1.970323
-1.114057
-0.04160531
-1.022303
-1.005308
-0.6553916
-0.2868732
-1.02565
-0.1399448
-0.675194
-0.4885565
-0.7876664
0.7214914
0.8245918
2.188246
0.5277876
1.077853
1.000883
0.2581831
-0.01402802
-0.0007604519
0.5300078
1.209804
0.8067293
-0.288432
2.303203
0.07718272
1.718307
-0.3933624
0.6532677
0.3269865
0.1591039
0.4615772
0.9839047
2.550216
1.150367
1.532857
0.254397
-0.792033
-0.3391377
-0.6254047
0.462943
0.5217078
0.2079225
-0.3709899
0.5272922
-0.1218687
-1.042509
-1.404751
0.7785115
0.09741904
1.457876
1.022992
-0.1796595
0.4115772
0.03864738
1.695055
0.06882918
-0.5866743
0.9337452
-0.07057142
-1.757294
-1.247914
-0.6852982
-0.5559618
-0.07178754
-0.1013512
-0.2254639
0.09142619
-1.00099
-0.7098571
-0.5974259
0.5204687
0.4995912
0.3620142
0.2061994
-0.8147507
0.04507884
-0.6513156
-0.2115238
0.2907475
-0.3408018
0.1571463
-0.9774757
-0.2896915
0.8006014
1.283843
-0.9632965
-0.8553852
-0.1181647
-0.6929112
-0.3952504
-1.457471
-0.5364529
0.7001913
-0.895344
0.6627584
-0.2604135
0.09234281
0.05922693
0.7208171
0.4871835
0.101776
0.5334911
1.256163
1.006405
0.6794756
1.218043
1.105266
-0.008537828
1.681751
0.6008924
0.5330392
0.806852
0.7549601
1.172491
0.4296657
1.627507
-0.6375852
0.3890281
1.025971
-0.414203
0.1386762
-0.1939398
0.06641536
1.01518
1.177413
0.9253663
0.4426846
1.18556
0.3444096
1.740966
1.598841
0.5129131
0.5965124
1.602281
1.626084
0.7222922
1.386295
0.4908618
0.7520386
1.820834
0.8247551
2.977919
0.5359287
-3.039386
-2.654258
-0.8217128
0.06544335
-1.136826
-1.166691
-0.3100684
-0.8999242
-1.253447
-2.069687
-2.173286
-1.032102
-1.125216
0.4209625
-0.3201789
0.4379146
0.3911189
-0.1790788
0.06541344
-0.6240376
0.3335587
-0.7073529
0.0497103
-0.3665653
-0.3258528
-0.5400406
1.409463
-0.8331635
-0.5139095
-0.2289253
0.3203146
-1.067399
-0.576746
-1.410508
-2.065536
-0.4444983
0.4899041
0.7620257
-0.7275414
0.1846598
-0.362729
0.6174241
0.1367533
0.4209327
0.4987673
0.7094136
-1.589269
0.9296181
-1.767734
-0.240148
-1.402872
-0.4518857
-0.2350696
-0.581346
-0.5985913
-0.1556871
-1.011244
-1.689554
0.3583983
0.05417936
-0.4867112
-1.065893
-0.09149341
-0.2550617
-0.6547954
-0.5336443
-0.5396298
-0.9314517
-1.088817
1.355316
-0.8458298
0.9762847
-0.03559708
0.7448446
1.165885
1.06242
0.7697809
0.2031762
0.6535009
0.3737915
0.3627679
2.708848
-0.6239136
-0.5150495
-0.2853231
1.406994
-0.9166836
0.320762
0.2031164
-0.382319
-0.389017
-1.25426
-0.3783879
-1.308258
0.1717598
0.223511
0.1124857
0.8925276
0.7122667
0.4984087
0.4246264
-0.08926238
0.4005246
0.1556738
0.5894871
0.6823816
1.732508
1.28857
0.1672056
1.501756
0.130991
0.8470917
0.02571445
-0.3707459
-0.0315678
0.2711709
0.3715541
-0.3143292
0.2773511
0.6301953
0.6729544
-0.3616229
0.2112499
1.749263
0.5885634
0.9007958
0.5296336
0.2167113
0.5494311
1.64527
3.29593
-2.018786
-0.5750232
-2.739898
-1.499092
-1.97566
-2.368506
-2.241439
-2.468011
-2.457299
-2.427262
-1.625563
-1.667895
0.6757098
-1.958094
-0.7217063
-0.46313
-0.6354911
-0.724829
-0.9455627
-1.239977
-0.8406327
0.50583
0.5732709
-0.4104129
-0.2565266
-0.5752242
-0.1960589
1.980207
0.6208803
0.1058604
0.2800896
-0.3693792
-0.7687782
-0.5343994
1.074945
1.360895
-1.140518
1.379474
-0.2202278
-1.177624
0.7686724
0.2318402
0.1878236
-0.4313305
-0.3723207
0.2883694
-0.7631295
-0.4544846
1.623657
2.655245
1.611517
0.7559932
0.3507878
1.448946
0.6793551
1.963934
1.991387
0.5112814
1.297944
-0.1147206
-1.477975
-1.29942
-0.08425426
-1.01176
-0.5022733
-0.1293524
0.07763658
-0.1266148
-0.2445736
-1.727283
-0.7186012
-0.1316593
0.6633246
0.5171812
1.118873
-0.4698678
-0.246998
0.04512735
0.162494
0.2909494
0.5920061
-0.02750265
1.062609
0.4238028
0.04473511
0.1419105
0.1796238
-1.106407
-0.643618
-0.1843723
-0.1464397
-0.2501579
0.4571559
-0.7702443
0.05376443
-0.4686263
