-0.2372866
-0.2262504
-0.1549883
-0.09640064
-0.2309355
0.3227332
0.5792634
0.849194
0.3151542
-0.0659776
-0.0458773
0.5052395
0.9023845
0.6623986
0.4019735
0.1605195
-0.08873577
0.2422177
0.2383565
0.1471835
-0.2279875
-0.7499334
-0.6833433
-0.1223712
-0.8271484
-0.9496886
-1.292067
-1.322785
-0.8831118
-1.006993
-0.7770044
0.1984836
-0.4159634
-0.2801922
-0.8020737
-0.7063979
1.036546
1.333304
1.238141
1.448663
1.473183
1.052949
0.04728209
0.04836713
0.05979073
0.2769326
0.668816
0.5598043
1.381129
0.9679117
0.8681009
0.9865657
0.7961432
0.2184373
-0.4318435
0.2161668
0.4446446
0.3319061
0.3429716
0.5747028
0.4550873
0.7541552
0.8458516
0.7236301
0.7646441
1.163978
1.37531
1.368919
1.204134
0.5474381
0.081615
-0.03898064
0.06886147
0.5295622
0.5129763
0.5335298
0.6355491
0.0482135
0.1629816
-0.3249959
-0.288797
-0.3309681
0.5705836
0.3124075
-0.6339279
-0.3383365
-0.1500107
-0.04868695
-0.1360166
-0.2831827
-0.8193145
-0.2980027
-0.2368939
-0.9522811
-1.096906
-1.05003
-1.372786
-1.647241
-1.41307
-1.499279
-1.130967
-1.020056
-2.041991
-2.831727
-1.990253
-1.139344
-1.317835
-1.605094
-1.936652
-1.569589
-1.459524
-1.242476
-1.431519
-1.636478
-1.38372
-1.079939
-1.205554
-1.018294
-1.398626
-1.094998
-0.8287863
-0.316142
0.04599996
0.1604635
-0.1138674
-0.2462939
-0.5019313
-0.1746709
-0.4173755
-0.3542422
-0.05447916
-0.08577715
0.5836594
0.4797944
0.759289
0.8793809
0.8453118
0.7288001
1.081866
0.7065353
0.3595356
1.058068
1.6153
1.848427
3.616008
3.519053
3.073941
2.885905
2.664827
2.6918
1.891289
1.542388
0.865292
1.718549
1.995647
1.917207
1.188391
1.393447
1.425686
1.384166
1.35051
1.206712
0.1724257
0.2046301
0.7097728
0.9986964
0.8383538
1.047504
-0.4221289
-0.3132283
-0.2463167
-0.3945122
-0.8558047
-1.027494
-1.304334
-1.500611
-1.305258
-0.8692645
-0.5863378
-0.4548283
0.5244014
0.7112126
1.074394
0.8981758
0.6756201
0.6392801
1.181077
1.735134
2.051597
1.885908
1.862693
1.560302
0.6927899
0.6012123
0.9807035
0.7308473
0.5365277
0.05385529
0.1369955
-0.02101699
-0.3331075
-0.1840029
0.5299366
1.221725
0.2742502
0.4503882
0.3900498
0.1440378
0.06258637
0.2325597
0.1029534
0.1330177
-0.05712212
0.09987856
-0.1047522
0.3103461
1.096869
1.076831
0.9081689
0.8688374
0.5666589
0.1014165
0.104083
-0.3941911
-0.01946215
0.09853233
0.7010227
0.5833013
-1.190217
-1.483184
-1.515332
-1.753029
-1.814597
-1.815774
-0.7118087
-0.6208697
-1.134228
-1.490873
-1.939377
-2.261469
-0.3378958
-0.2765794
-0.5143634
-0.4768022
-0.1191544
-0.1883851
-0.3194043
-0.5154439
-0.7292311
-0.3753508
-0.1218156
0.05257895
-0.5522009
-1.041424
-1.378361
-1.355936
-1.134915
-1.369393
-0.8227143
-0.7008091
-0.6791654
-0.9881017
-2.266695
-2.535492
-1.637026
-1.79759
-1.443081
-0.9762468
-0.9107237
-0.6013516
-0.5674315
-0.5478876
-0.3181687
-0.5295272
-0.6865788
-0.803848
-0.6859713
-0.4299971
-0.5839381
0.0584672
0.4903209
0.1157307
-0.4157607
-1.578899
-1.408539
-1.072294
-1.424085
-1.548521
-1.788031
-1.402334
-1.09303
-1.098631
-1.124011
-0.8084115
0.08352957
-0.5530821
-0.5645782
-0.6336991
-0.419571
-0.6639234
0.3733265
0.2805443
0.1804793
0.1857191
0.4331596
0.9184532
0.8735692
0.3935103
-0.01412966
0.6809303
0.6083468
0.2604212
-0.2888195
-0.3470364
-0.4965
-0.7841431
-0.9674973
-0.9622356
-0.7488008
-0.5716081
-0.2220959
-0.2220405
0.04328776
-0.2709027
-1.379723
-1.649207
-1.434705
-1.094865
-1.07502
-0.4759704
-0.4058892
-0.08401365
0.5992808
-0.4979785
-0.2187536
-0.764231
-0.9441666
-1.254097
-0.9374223
-0.9795692
-0.8285421
-0.4179429
-0.764889
-1.546662
-0.8135028
-0.8095678
-1.142008
-1.43816
-1.407658
-1.522576
-1.172023
-0.8408175
-0.6987536
0.1645684
0.9640644
1.022344
0.8350731
0.4859495
0.009661183
0.1543904
1.900199
1.576463
1.409308
1.375634
1.605554
1.745129
1.186134
0.8380293
0.5509613
0.8158951
0.8909193
0.7494839
0.0236499
-0.2896422
-0.6427344
-0.7161575
-0.8215128
-0.532021
-0.7734016
-0.6862565
-0.5416993
-0.6341004
-0.6039721
0.2958898
0.7913371
0.9429117
0.6397628
0.5732295
0.070662
-0.4987574
0.1184481
0.3472185
0.6803211
0.1770644
0.420513
0.1447468
0.7079725
0.6046167
0.3503705
0.5016797
0.9201058
0.3762706
0.8988631
1.509373
1.931779
1.306365
1.620679
1.587849
0.8055006
0.4672827
0.2858395
0.5580086
1.076212
1.518468
1.790308
1.806978
1.601252
1.418666
1.183549
1.782478
1.366139
1.064393
0.8562634
0.7482452
0.9868488
1.493404
1.125623
1.251984
1.091706
0.891766
0.8548416
0.800375
-0.2732703
0.2294179
0.3037474
0.0164593
-0.0726128
-0.3064586
-0.6086606
-0.6363271
-0.2717863
0.2825279
0.2028605
-0.1472168
-0.7766342
-0.9028354
-0.8507259
-1.089337
-0.9727544
-0.7302155
-0.2426228
0.04258352
-0.4822345
-0.8623127
-1.557831
-1.262667
-1.13822
-0.8814266
-0.7060162
-0.7640553
-1.022135
-1.237444
-0.7366781
-0.2789491
-0.3694612
-0.2221348
-0.1412223
-0.2028119
0.8297889
0.9607422
0.9072249
0.6931319
0.4675719
0.1261576
0.2672973
0.5949081
0.7647468
1.233143
1.603731
0.8289732
