-0.05870379
0.1948682
-0.8553461
-1.186311
-0.1805999
-0.434335
-0.07189783
1.538469
-0.5406053
0.1549169
-1.398799
-0.108619
1.028849
1.507584
0.4685839
-0.2191442
-0.6252303
0.705238
0.8706486
0.5595976
0.3885744
0.3449252
1.336235
0.2268942
0.4309676
-0.5129997
0.03908122
-1.218064
-0.6248304
-0.9774649
-2.096008
0.5744374
-1.462271
-1.275255
-0.4668363
0.03605206
0.7563312
0.5251105
1.144837
1.425451
0.2054795
0.1997486
1.14627
-0.02974259
0.5316726
2.058022
-0.3159128
-0.3326908
0.7016585
1.51693
1.103424
1.191553
1.356234
1.145083
2.631645
0.5843114
0.6306929
0.9677747
2.371993
0.698476
-2.156836
-1.846729
-1.886368
-1.816974
-2.220383
-1.640928
-0.9169827
-1.360594
-1.304049
-1.495775
-1.165382
-2.010651
-0.1219904
-0.1795043
0.2833523
-0.3012835
0.6095292
-1.645453
-0.7789134
-0.8127173
0.1937148
-1.612082
0.06573822
-0.07431204
-0.06220319
1.040716
-0.3392148
0.3282167
0.4206737
1.677127
-0.1093372
1.914706
-0.355031
-0.3594566
-1.035694
-0.2299206
0.05404481
-0.93589
-0.9021906
-0.7694082
-0.08807254
-0.7323782
-0.5660412
-0.520409
0.0692699
-1.314468
-0.9479423
0.3197795
-0.9702333
-0.383191
-0.8344707
0.6713461
-0.5971563
-0.5686311
-1.921419
-0.8632183
-1.314036
-0.8193322
0.1474043
0.6488909
0.6643835
0.3912833
1.122608
0.7138284
1.193257
0.9221685
0.04065942
0.1132603
1.146607
0.2305769
0.507643
0.2992811
-0.1280035
0.9293981
1.273696
0.8157388
0.7709073
1.301106
-1.198482
0.8362727
0.9979439
0.4398163
1.35077
0.6646956
-0.692772
-0.872613
-0.02760119
-0.6853922
-0.8062053
0.3735698
-0.3352833
-0.6604246
-0.4441608
-0.2329476
-0.5244066
-0.80157
0.4242148
-0.792233
-0.2607224
-0.6618668
-0.9790862
-1.016778
-0.8391194
0.4906509
0.7476215
2.006284
-0.001252186
-0.2802888
-0.4578773
-0.900129
-0.6558938
-0.5462885
-0.01565245
-0.02172753
-0.767444
-0.6474537
-1.127564
-0.9066759
-0.9132821
-1.278782
-0.1461058
0.08004445
-0.228746
-0.3466514
-0.3875791
-0.490418
-0.7446982
0.8736417
1.036153
-0.4862485
0.451355
-0.4199949
-0.4984218
-0.3678527
0.3757062
0.1852186
0.3981391
0.395111
-0.9784961
-0.4989718
-0.1133411
-0.7409874
-0.4647005
1.754965
0.5606459
1.117304
0.9013456
-0.07450267
1.044137
-1.571783
-0.09747639
-0.3254361
0.332984
0.2427166
0.2457361
1.057857
1.713729
0.3804342
0.7844605
0.9536892
0.02566161
1.216128
0.8722964
0.3407341
1.19389
0.1157745
2.047142
0.4054971
1.238713
1.47495
1.003613
1.129208
0.9777125
0.1423051
1.622505
2.165235
1.34689
1.515612
0.6878728
1.888965
1.51704
1.949814
1.166211
1.561513
1.291924
0.8989809
1.231254
1.220792
1.495054
0.8900245
0.9431291
2.472508
-1.116814
-1.90481
-0.7295749
-0.4925757
-0.5533588
-2.104887
-0.9470764
-1.870601
-1.512568
-1.222151
-1.693297
-1.675677
0.1509454
0.2136921
0.04119464
0.6765184
-0.08647027
0.2892607
0.4405787
-0.4388755
0.2710287
1.048391
1.186796
0.9759159
0.01513029
-0.3391033
-1.691583
-0.8401915
-2.092674
-1.646613
-1.492182
-0.5211193
0.0917914
-1.798934
-1.37652
-0.5691766
0.2871306
0.2831644
-0.2784047
-0.09312107
0.1497847
0.7398443
0.6603724
-0.1988985
0.5685166
1.304925
-0.3605526
0.4738253
-0.106339
-1.155236
-1.926004
-1.433784
-1.131775
-1.863137
-0.07513259
-1.174248
-0.1516028
-0.6549002
-1.353877
-1.567137
0.9028606
-0.3541772
0.4680366
0.2386359
-0.05333843
-0.2195671
-0.3278757
-0.4350044
-0.9569989
-0.4624575
0.06071345
0.2774939
0.1284024
-0.5349181
0.982879
0.6535839
0.4303172
0.4451413
0.4346231
-0.4125154
0.1123091
0.7020073
-0.3451625
-0.3296854
-0.8490675
-0.2260313
-0.1676978
-0.8091717
-0.3264542
0.901184
-1.256233
0.1748176
-1.394875
-0.450337
-0.4554671
-0.317204
0.8097996
1.084272
0.9559709
1.042102
1.250468
1.68225
1.295431
2.269182
-0.0925203
0.9624999
1.011936
0.8760804
0.2937809
-0.2478334
-0.05095616
0.5732544
1.43763
-0.2119451
1.067159
-0.7508714
-0.8037652
1.727659
1.04205
1.005348
0.9680269
1.104459
1.31343
0.8041559
1.239882
1.708246
1.081088
1.301917
1.958185
2.207609
2.181945
3.224443
-1.832261
-0.4392067
-1.53173
-1.411913
-0.5047444
-0.4165224
-0.4152233
-2.10491
-1.466934
-1.244069
-2.55719
-1.994974
-2.551611
-1.639925
-1.529189
-0.5253224
-1.223964
0.0564382
-0.04096845
-2.066511
-1.58202
-0.5926554
-1.887866
-1.755805
-1.101381
-1.029056
-0.1738021
-0.581908
0.7976659
1.11096
0.02346282
-0.9245413
-1.436146
0.1271065
-0.3778814
-0.8713964
-0.4277523
-0.7506659
-0.4383907
0.3381113
0.02703274
-0.6811721
0.3247716
1.119854
0.3727106
-0.02523318
0.1594552
-0.9146163
0.107633
1.634357
0.07516693
1.27864
-0.3425874
1.540185
1.796346
0.7617787
1.0506
-0.4461053
0.8939961
0.1343004
0.2454664
0.4568684
0.2239361
-0.5322315
-0.5355004
-0.5975189
0.6739354
-0.5191836
0.3880129
-0.6493537
0.3767908
-0.7510952
0.3339349
0.1536825
-0.08924796
0.9568549
0.2146292
0.2078401
-0.149725
0.5575475
0.6400504
-0.4875801
1.106674
-0.02346452
-0.2204524
-0.7612481
0.76316
-1.067248
-0.5114239
-0.8319727
-0.07263397
-0.2158485
0.5700344
0.335904
-0.3971086
-0.9682487
