0.9603583
0.5860163
0.9047345
-0.3713529
0.4840277
0.1440919
0.0177261
-0.5327197
1.02495
0.7890878
0.3822842
-0.4068408
0.4237599
0.477365
0.5395323
0.6608954
1.163871
0.3047784
-0.3363863
0.781233
-0.3047883
0.4414893
0.7716164
-0.1791582
1.174986
2.443691
1.194052
0.9820984
0.8703981
1.524943
0.9443622
0.377213
1.407058
0.7289772
1.385389
1.721653
-0.4191079
0.4634485
-0.02866012
-0.6102446
-1.103183
-0.5554495
-0.7639022
0.04669449
-1.579019
-1.321646
-0.436513
-0.2101943
-0.420574
0.6167772
1.056147
-0.7020409
0.4940868
-0.2079566
-0.7299525
-0.7192678
-0.2435416
0.191731
-1.236638
-1.179515
-2.448532
-1.612247
-1.252378
-0.5722693
-0.2877254
-1.523468
-1.655736
-1.781863
-2.523664
-0.3117417
-1.136749
-1.183281
0.528518
-0.05138521
0.9624541
0.5875457
0.7516899
-0.2158724
0.5406581
1.364327
0.4526537
0.4937682
-0.2088671
0.7794259
1.28321
-0.2310115
1.655632
0.4889769
0.368214
0.4627602
-0.1849235
-0.2596241
0.4220362
0.03618176
2.083153
1.570164
1.157604
1.771531
0.4055638
1.818472
0.6941622
0.7605897
1.080202
0.198452
1.141744
-0.065723
1.203755
0.8458286
0.1358446
-0.3403242
-0.8343729
0.3953231
0.06867892
0.02929896
0.7624399
0.362316
0.3950938
0.7933277
-0.007297348
-0.06848322
-1.411081
-1.251822
-1.93213
-0.1077647
-0.9502467
-0.7207093
-1.070161
-0.1726137
-1.377046
-0.1984057
-0.5391591
-0.1553776
1.069783
-0.8190411
-0.03372145
0.2755798
0.4227845
1.416612
0.5761129
0.6200043
-0.09381145
1.262006
0.5326705
0.2245838
0.6007763
0.7404631
0.5643017
-0.1494693
0.927541
0.9817044
0.2352173
1.553479
-0.3153661
0.1856723
0.2611437
-0.5209038
0.8151712
0.7430683
1.540938
0.698814
1.373198
1.251695
0.8450806
0.2421377
1.168269
0.5395759
0.5831683
0.4361926
-1.64385
-1.091985
-1.987978
-0.002203043
-0.6002511
-1.243394
-0.994881
-1.880501
-2.034113
-1.132585
-1.411607
0.3877728
-0.4299335
-0.9597769
-0.8372712
-0.9514704
0.1331327
0.6669731
0.3210908
-0.9371214
-1.062188
-1.104846
-0.3871388
0.04548071
-2.33959
-3.186998
-2.131995
-1.851696
-1.871288
-2.030378
-0.7617135
-1.462757
-1.602631
-1.884652
-1.65426
-2.62914
-1.149613
-0.8486445
-0.6937467
-0.4775516
-1.157321
-0.07704043
-0.6004428
-1.211443
0.6026405
0.2451994
0.1667052
-0.1642866
-0.9068817
0.7310672
-0.7666655
-0.7971083
-1.09158
-2.118542
-1.36844
-1.394629
-2.555186
-2.039141
-2.395105
-1.22773
0.6664497
-0.3284212
-0.259613
-0.02924822
-0.5862899
-0.9618034
0.6812284
0.3256575
0.2717015
0.2341773
-0.2188551
-0.05803439
0.5063118
0.7366292
0.06663337
-0.127287
0.4856789
-0.8091465
0.9265772
0.7145433
1.124642
0.6798344
0.09360552
0.1746841
0.18145
1.426634
1.437698
1.232495
1.13591
1.012656
1.083916
1.661608
1.939222
1.43835
0.8214703
1.617225
0.09569649
0.3317834
0.4645658
0.7094298
0.4308964
1.091137
0.7168634
1.84106
0.4318663
0.1731589
0.1346877
1.148532
0.213912
0.2547208
0.9209219
-0.0736386
1.392478
2.495035
-0.08306863
1.209788
-0.7051718
0.3234447
1.352824
-0.7888229
0.2701073
-0.2933605
0.1203488
-0.5706235
0.6188219
-0.5165274
0.7660428
0.0828357
-0.09694933
-0.2608075
0.1506082
0.9822862
-0.4335869
-0.2477598
0.8262187
0.5640749
-0.3332694
0.1984752
-1.137684
-0.6193452
-0.4238529
-0.151278
-0.9882741
-0.9215546
-0.2293307
-0.1549891
-1.037158
0.334204
0.3731411
-0.3609756
-1.032322
0.2298473
-0.3805865
-0.4385672
-0.8246294
-0.4654019
-1.653975
-2.682155
-1.918598
-1.967109
-2.75194
-2.401604
-2.797299
-1.909141
-1.78508
-1.76031
-1.812129
-1.815934
0.4264061
0.6079361
0.6495561
0.3391751
-0.1390153
-0.5232937
0.3498967
0.6252191
0.1774568
0.3806075
1.173133
-0.1128138
0.5425656
-0.4800129
-0.6779602
-0.1401104
-1.02035
-0.3136493
-0.239438
0.6480998
0.2881715
1.019025
0.3614321
-0.1801137
0.9720448
1.30348
0.2318707
0.6980131
-0.1136917
0.1205441
1.209828
1.093542
2.100939
0.1188247
0.3818485
0.3763203
0.08779555
0.1454186
-0.1889618
0.6657554
-0.2290027
-0.6615679
0.7503062
-0.5680209
0.787093
-0.4609304
-0.3234755
-0.4763283
0.6390972
-0.4744957
-0.2986291
1.505944
0.2491655
0.5138984
-0.03101399
0.07822806
0.8373924
0.4294214
1.740311
1.42366
-0.2091826
0.1650693
0.5483118
0.0980451
0.2725761
0.6415501
0.4648025
0.6445916
0.9370915
0.9756646
-0.3210573
-0.1946207
1.606726
0.9831007
0.445849
-0.781859
0.127822
0.5911076
0.4245297
0.7912701
1.492548
0.07890925
0.5086583
0.4199115
-1.251795
-1.598113
-0.8143037
-2.250644
-1.961652
-0.9960958
-1.205087
-2.738047
-2.061045
-1.506763
-1.660476
-0.83808
0.3278556
0.5664006
0.2316678
-0.5038799
1.024545
1.334073
1.25431
-0.05113316
-0.1338634
0.1073986
0.3964351
0.4514782
-0.2214128
0.7706469
0.6436849
1.21717
-0.383264
-0.1501099
0.2983449
-0.05474055
0.2693254
0.1293991
0.1011379
0.246418
0.6201507
0.8478892
0.7368559
0.3096303
0.9658376
1.556071
1.313227
0.8449532
2.137243
2.16224
0.7967936
1.239449
-0.03206937
0.02574594
-0.3850261
-0.4954257
-0.219028
-0.7005746
-0.5795628
-0.07310654
-0.1799321
-1.387859
0.09189288
-0.4210446
