1.125802
-0.683581
-1.071559
0.4391365
-0.5732757
-0.3827637
0.07601527
-0.378653
-0.291093
-0.8614894
-0.7343686
-1.226295
1.481917
0.8715348
0.5698608
1.24323
0.8341041
0.03779228
0.4804303
0.3960273
-0.1349007
0.5279295
1.392647
0.8581417
1.419716
0.05250682
-1.634255
0.9755784
-1.339699
-0.1966567
-0.6246558
-0.1726533
-1.452938
-0.657838
0.6757185
-0.7784295
1.249632
-0.980661
-0.3327164
1.259394
0.3730974
0.470021
0.9740902
-0.1848172
-0.1914381
-0.6565015
-1.106063
-0.6911837
0.5399941
2.829403
0.7913899
0.6154116
-0.1983952
0.8656645
1.081837
1.193397
0.02598816
0.6637134
2.04021
0.4518843
-2.460479
-0.6852706
0.5759488
-1.04225
-1.418912
-1.081808
-0.8574511
-0.7118573
-1.35117
-2.128933
-2.587802
-1.255089
0.9391139
0.08885626
-0.5396126
-0.8724317
-0.06167848
-0.09321137
-0.5139025
-1.062909
0.2744454
0.5517638
0.7449926
-0.5476393
-0.5997881
2.441644
-1.930871
0.3546943
-1.004379
0.1700083
0.03427122
0.8210552
1.577455
-0.8105502
-1.030625
-0.6165404
1.830582
0.1600896
0.5849269
-0.6525725
0.7442526
-0.3258101
0.2159518
0.5188024
-1.062606
-0.9763159
0.7238315
0.1849475
-2.342611
-0.08683122
-0.4771664
0.01699198
-1.014089
-0.08089517
-1.285048
-1.569143
-0.5041353
-0.226805
0.7452947
0.6808238
0.3137195
-1.092821
-1.460255
-0.3086834
0.8825816
0.6512055
1.129259
-0.1702164
0.6921737
0.3091419
0.9292706
-0.04199983
-2.132428
-3.542968
0.5698739
0.1987005
1.551111
-0.1563856
0.3080395
0.6332831
0.837512
-0.3942679
0.9481407
0.4695356
-0.3487595
0.225529
-0.2286905
0.2527659
1.592852
-0.7153273
-0.06915074
-0.175273
-0.01657406
0.6614179
-0.7890381
1.4845
2.430525
-0.1681419
-0.2525511
-0.9452553
0.2092722
0.9118084
-0.06695893
-1.133297
0.02963182
1.74089
-1.389902
0.1614476
-1.619322
2.383256
-0.2105729
-0.869383
0.3394078
-0.2525412
0.106982
0.08932078
-0.425509
1.224299
-0.5962972
-1.5776
-1.242921
-0.6976455
-1.652311
-0.9169978
-0.447054
-0.775136
-0.5737692
0.04408655
0.04829937
0.1862648
-0.4849096
-1.021053
-1.061587
-2.298011
-0.7994899
1.161876
-0.149865
0.4640141
-0.7155042
0.2573886
0.04558866
-0.5264463
1.071878
1.617105
-0.0001253694
1.167598
1.666075
0.1536461
0.4813654
-0.06530472
0.2614667
0.0108587
0.4721701
-0.3753777
0.3229617
1.340553
2.604967
-1.928533
0.9007106
1.970927
0.8626595
0.7965899
0.9251098
0.417689
1.346845
1.615035
-0.9154422
-0.4975073
0.8806615
1.223293
1.603828
-0.2230362
1.343829
0.5508796
0.6084389
0.650702
0.6844626
0.458838
1.118396
-0.01652447
0.1320661
1.609573
0.7733788
0.7152686
0.4932117
0.804047
0.9716645
0.9972998
-0.1599836
0.7388114
2.033922
0.2801018
0.7481383
-1.749014
0.7445468
-0.9942578
-0.9093055
-0.7578458
-0.1716473
-0.6342013
-1.404758
-2.437666
-2.181459
-2.364006
-0.7355321
0.8280257
-0.9648333
-0.3969761
0.4666722
0.1212443
-0.1176244
-0.4240712
0.3925465
-0.8297458
1.837475
2.61109
-1.357247
-1.782198
-0.8010742
-1.080757
-1.529364
-1.321721
-0.4037085
0.07608142
0.8409263
-0.1827866
-2.311624
0.2983243
0.5351486
-0.3189142
0.6210942
0.2645538
-0.4033771
-0.5397591
-0.1920175
0.8952338
0.6870785
1.377086
-0.9675583
1.463837
-0.6917587
1.032432
-0.4841228
-0.8026369
-0.2168517
-0.3960635
-0.3256474
-0.6700994
-0.6759169
-0.2360132
1.547291
-0.3480907
0.5496321
2.528266
0.9795941
-0.4679401
0.2954659
-0.1249907
0.010252
-0.07871326
-0.09290668
-0.2649507
0.3259325
1.091856
0.730449
1.366433
0.6435331
-0.03618791
0.273954
0.3888961
0.2876139
0.607375
-0.5486373
0.2110254
-0.8334864
-0.7715079
-0.2953784
-1.272278
-0.4222859
0.5368536
-1.177081
-0.3135176
-0.5717632
0.4977713
0.6524906
0.4565022
1.553148
-0.2557162
-0.1024792
0.7471784
-0.2164796
0.1724158
0.5901698
0.371243
0.2889957
-0.2757091
0.7744218
-0.01661598
1.43899
1.052114
-1.537627
0.7419268
0.1757101
-0.4928407
-0.4254431
0.747157
-0.3815367
-0.6063241
0.5892286
0.7351344
-2.539887
0.2849698
2.141367
0.8743069
1.222641
1.289236
1.367799
0.980076
0.3779889
1.35709
0.6694621
0.7769056
1.312926
2.817765
0.2189724
-2.520452
0.01564995
-1.874312
-1.285096
-0.9258493
-1.2173
-1.304229
-2.55691
-1.320945
-1.955482
-1.947981
-0.3461724
1.000485
0.2176465
-0.8150147
-0.04355456
-0.71007
-0.6349664
-0.641925
-0.9750606
-0.2319694
-1.174271
-1.424274
-0.7177067
0.6289558
0.9438937
-0.3672415
-0.2811844
-0.094055
0.1065154
-0.1578099
-0.09914847
-0.6136941
0.8287234
-1.860618
-2.432104
-3.605846
-0.4624151
-0.05777084
0.04663188
0.5630669
-0.04656122
-0.1647032
0.4848245
-0.7838334
-1.042456
0.5329717
-0.3176366
0.8975775
0.3876536
1.18466
0.1434084
0.9205268
0.9826363
0.5495085
1.197204
1.047574
-0.153227
-0.9336134
-0.5378959
-0.7498014
-0.0009376995
0.1846685
-0.200094
-0.1622162
-0.02721937
0.1966623
-0.4547234
1.134105
0.7440545
0.321732
1.580497
0.125675
0.1956477
1.371472
0.369606
-0.5110807
-0.1049158
0.5015563
-0.2171791
0.05236737
1.321025
0.5576271
-0.8095346
0.1461472
-0.39365
-1.253262
-0.6485696
0.1468649
-0.3056112
-0.1300599
0.4012753
0.2148945
-0.6680604
-0.1482863
