0.897585
0.7083012
1.260723
1.159211
-0.06413879
2.244704
1.164851
-0.9081099
-0.3672354
-1.012841
-0.3481767
-0.5491312
-0.4166408
-0.9213718
-1.817957
-1.685902
0.1685909
-1.020431
-0.9304889
1.068902
-1.055679
0.7878547
-1.849252
-1.087818
-0.008045373
0.6885082
1.284074
0.107197
-0.4546867
1.421743
1.234724
-0.1372932
-1.391888
1.148451
1.219057
0.8419469
0.3961599
0.4846922
-0.1919728
0.05135953
0.571084
0.9713323
-1.385184
-1.055944
-0.1374474
-1.459817
-1.376373
-0.8181466
-2.436072
-2.406471
-1.268908
0.3924684
0.3715299
-1.181606
-0.142267
0.2111796
-0.9526011
-0.00296396
0.002033585
-0.4083008
0.4952032
0.3794012
1.921005
0.2391863
-0.5791873
0.9966256
0.9132547
0.4289392
0.6021261
0.1850574
1.605816
1.321883
0.5588663
0.4950906
0.568468
1.110798
0.2556634
0.2889753
-0.5542561
2.331479
2.386268
0.1467043
1.523424
1.236975
0.07507992
-0.04400395
-0.1698675
-0.09095437
-1.975873
-2.34679
-0.9111478
-0.6793413
-1.025421
0.6370665
-1.171921
0.07798392
0.8369315
-1.03111
-1.110133
1.256139
1.53118
-0.2564021
-1.923618
0.6158846
-1.089588
1.203528
0.99755
0.921213
-0.06292181
0.06454288
-0.06173697
0.06618538
1.789918
1.728042
0.2195874
-1.407289
0.8621753
0.1091373
1.7171
0.9044821
0.9039476
1.082201
-0.00472124
0.02932088
0.7317935
1.212639
1.242693
0.5552793
-0.267312
0.4263934
0.5847297
-0.263447
-0.541284
1.677359
0.1498486
-2.655836
-0.5612484
-0.6629637
0.9772339
-0.2300727
0.7095625
0.5144536
-0.0443632
-0.6006346
0.4287396
0.06979832
-0.761891
-0.3844252
-2.401223
-1.421935
-0.254807
-0.1037462
0.1050455
-2.399721
-0.09238642
-1.891524
-0.2611125
-1.637648
-1.395123
0.2676658
-2.320996
-1.813818
1.109178
1.027165
-0.4035614
0.9875117
0.7181052
0.1244041
-1.1599
0.008883797
-0.7096447
-0.6678703
-0.04840984
-0.1258141
2.033805
0.9268321
0.1941528
0.1566318
1.039899
0.09205488
0.5393516
0.6373942
-0.8399507
-0.1449904
-1.624037
-0.4449952
-0.9065176
1.488659
-1.96794
-2.342183
0.9417471
-0.5706421
1.013756
0.264027
-0.2485715
1.032738
1.049702
-1.228541
-3.428336
-0.8090563
0.795765
0.07394515
1.049073
0.8272516
-0.01022653
-0.6443618
0.7662587
0.9903196
1.0193
-0.9191886
0.4197021
-0.2323157
1.275915
0.2279897
-0.4436123
0.8261836
0.2743476
-0.8646421
-0.7624397
-1.947244
-0.6670104
-0.4976374
-2.084866
-1.08133
-0.7169743
-1.371594
0.148887
-0.8188075
-1.078556
-1.128178
-0.4082454
-0.3749567
-1.044538
1.638745
1.228395
1.568006
-0.2978627
0.7637896
0.009084349
0.2706771
0.2496148
-0.3576636
-0.5893201
-0.8179426
0.695081
-0.002134504
-0.1006842
-1.006632
-0.4826145
0.7512148
0.5439633
-0.8903592
0.3584363
0.4684613
1.263755
1.055358
1.61478
0.8725332
1.9788
0.6906038
-1.099751
0.5265959
0.1332479
-0.07720149
-0.1422357
-0.2309007
-0.5751679
0.06152882
0.2011427
0.3829328
-0.8455673
-0.8903686
0.929939
0.4534685
0.3849873
0.4759652
0.8394672
0.8390722
-1.274276
1.228769
-2.634033
-1.6245
0.7907064
-0.05261451
1.733712
-0.9524276
-1.358316
0.9161918
-0.5828655
-0.002485133
-0.6996887
0.3226324
0.4112674
-0.2483458
1.508633
0.1537654
-0.7506269
-0.5442857
-1.252133
-0.5705521
0.3860434
0.221385
0.06895073
0.5794557
1.154629
1.99745
-0.9769254
-1.462621
-0.4000729
0.7952293
0.07977163
0.2818962
0.1368402
0.5469235
-0.3329751
-0.7652683
-0.9968626
-1.918373
-0.1705265
-1.291083
1.315454
0.4556831
-0.3028254
-0.5016917
0.5730054
0.08730045
0.6334249
0.6834975
0.1158917
0.2516889
-0.8843628
0.7320038
-0.5886054
1.388076
0.1304483
-0.5198925
0.4090058
-1.132128
0.7105167
-0.7799768
0.6954023
-1.276333
-0.7769252
0.7757242
1.278386
0.08884399
-1.216223
1.269891
-0.154136
-0.4837895
0.319136
-1.057796
-1.527904
0.6667842
-0.472443
-2.51143
1.143352
0.4084026
0.2479097
-0.2414845
0.2999179
1.302191
1.544907
1.172905
-0.5790188
0.2129295
0.1304128
0.2840609
0.6844057
-1.33586
-3.250522
-0.1456246
-0.9481658
-1.00365
-0.8268378
0.1076878
0.7095778
0.6987944
0.1486105
0.6771357
-0.2411509
0.9184901
0.03630061
-0.2965961
1.25383
1.650375
1.165581
-0.0853184
1.852557
1.19111
0.5063267
1.455605
-0.1462377
1.43332
0.841746
2.211424
-0.05816821
-0.7256042
1.081174
1.764904
0.369413
-1.003001
0.5646862
1.596814
1.721398
-0.4055602
-0.04076255
0.1443035
0.103428
0.4371238
1.803483
0.442257
1.415927
0.9181498
1.202215
-0.7048461
-0.6225182
-0.009311565
-0.6333359
-0.1594824
-1.152947
-0.579974
-1.147599
0.1776048
1.161685
0.4745496
-0.02292251
-0.1530656
0.41197
-0.938977
-0.9191383
0.1149696
-0.3776525
-0.1647703
-0.2959513
-0.3086802
-0.3369294
-0.815525
-0.4542918
-1.463376
-2.512515
-0.6019835
-0.2460364
-1.881014
-0.7407369
-0.2257167
0.239542
-1.73808
-0.04909379
1.59633
-0.5027588
-0.0779255
0.9442691
-0.6427544
-0.8373893
-1.157514
-1.785094
0.3556648
0.9159194
0.3710847
0.982334
-1.812641
-0.1048745
-0.6488503
-0.6991572
-0.6347246
0.6375621
0.1193488
1.126767
1.310789
-0.04936763
-1.055155
-0.9365003
0.8771318
0.4390585
0.2538278
0.01287097
-0.08593231
0.5926666
0.2300569
