-0.3444828
-0.7436272
-0.2014918
-1.08389
-0.1759263
-0.002478556
-0.07661667
-2.081706
-0.733844
0.2444164
0.3868353
2.067746
0.4802185
1.530516
-0.7920589
0.3216887
-0.6108837
-1.475269
0.1841846
1.455839
0.4808213
0.1815976
0.7784697
1.382171
2.787977
0.3485145
1.150573
0.2421191
-0.2446713
-0.1280561
0.8854853
0.3213651
0.9712228
1.050636
0.6083001
0.1838915
-0.418551
-0.137726
-0.4749478
-0.6249793
-0.9045925
-1.576754
-1.469619
-0.6464828
-0.3305411
0.05479972
-0.4320595
0.9512032
2.728432
4.971581
3.020182
1.117042
0.4696107
-1.022786
-1.389504
-0.7158936
-0.3823936
-1.314301
0.2536646
-0.458746
-1.524671
-2.163918
-0.03597178
-0.8576579
-0.4912848
-0.6146723
-1.132591
-0.1213684
-0.3770152
0.1240997
-0.6270599
-0.8574892
2.03823
-1.812522
-0.02076407
0.08086241
-0.1041789
1.384573
0.5170451
0.8756965
0.6332368
0.4217845
0.3039787
0.2248129
0.6935986
2.942687
1.737396
1.532059
1.598778
-0.1826826
1.421601
0.5075545
-0.07711315
-0.1656725
-0.1266384
0.6982653
1.647274
2.255278
1.195432
1.315981
1.955486
0.1973315
-0.4429355
-0.2219404
0.4205379
-1.221283
-0.8746021
0.9954423
-0.2361551
-0.7872652
-0.3314265
0.4885493
0.6510152
-0.2212686
0.1239823
0.3526619
0.3871562
0.1397769
-1.388352
-0.3620941
-2.660381
-1.36373
-0.7903368
-0.01964551
-0.7273224
-0.04750154
-0.2369175
-0.2697042
-0.8206326
-0.6103515
-0.5307011
0.06685541
-1.827648
0.6112267
-0.1084338
-0.05627621
-0.1220957
0.9558063
0.01804342
-0.4140452
-1.382524
-0.6682737
2.03817
0.2450409
-0.4106277
1.19876
-0.4952084
-1.141196
-1.308249
-0.262093
-1.4546
-0.6093069
-0.8147035
0.3270964
-0.1084193
0.7333357
1.664752
2.04317
0.2159678
0.7919012
1.015604
-0.02695877
0.7269947
-0.4751032
1.026745
1.476944
0.08987544
0.1248599
0.05908601
-0.8418481
-0.8380858
-0.1647007
0.1736446
-0.6155198
0.0958299
-0.104762
-1.720726
-1.15372
-0.6928705
-1.361417
-0.5756586
-1.753989
0.04971604
-0.4055751
-1.342128
-0.6513725
-0.8542873
-0.5165846
-0.3575394
-1.359312
0.1154121
-0.3428423
0.5075615
-0.39336
0.2293862
-1.452811
-0.8803576
-0.8977462
-1.465368
0.2835177
-0.8723375
-1.367409
-1.161181
-0.4458392
-1.636093
1.742475
-0.1382799
0.2128506
-0.2064874
-0.5635014
-0.9617063
0.3764413
0.3297331
0.2488035
1.079347
0.1016551
-0.07975243
-2.408109
-1.217828
-0.9195371
-0.8674921
-1.132014
-1.564048
-1.340898
-1.669217
-1.826584
-0.002672751
0.2205063
2.965952
3.859279
0.8665149
-0.08501164
-0.1663035
0.4240641
-0.05759203
0.2830174
0.1396737
-0.1881153
-1.7309
-1.517193
-2.11588
-0.3788082
-0.5802249
0.5193228
0.5329785
0.4055844
1.957559
-0.09536
0.327928
-0.2543358
0.7025103
-0.8973962
-1.705774
-0.3347842
0.2928864
0.5188687
1.161017
0.9484816
0.1306415
0.3146347
1.344296
0.4655975
0.1522473
0.7898976
-0.4318796
-1.13885
-0.01217689
1.143682
-0.2122516
0.7991078
0.5870228
0.8705374
-0.3773511
1.0422
0.1330407
0.8289773
0.3529648
-0.8091731
0.4875146
0.2658908
0.02614713
-0.3132479
0.5386428
0.2076708
1.252826
-0.07428868
0.4557855
0.6853715
2.770701
-0.4172644
0.1411094
-0.7918745
0.336712
-0.4806275
0.5686577
0.3864936
0.5245016
0.9894922
1.801141
0.6701434
0.3079448
-0.1318897
-1.065922
-0.4332651
-0.506224
-0.1183213
-0.6652337
-0.4082023
-0.1322702
0.3328138
-0.6793906
0.08371211
1.274531
-2.027747
0.09245673
-0.04989186
-0.5057721
-0.2275161
-0.3529085
-0.3345863
-0.2222444
-0.4088476
-0.07963251
1.166827
-2.913965
-0.7681847
-1.217191
-1.153872
-0.3396086
-0.8304245
-0.5284288
-0.941847
-1.12869
-0.7055255
-1.506726
-1.007222
0.1681652
0.1232269
-0.1697497
-0.006738882
0.6263197
0.04549738
-0.03966414
0.8896333
-0.1678992
0.1996015
-0.4357661
-1.162165
-1.047071
-1.71033
-1.04586
0.03460268
-0.3646587
0.5491278
0.6429811
0.393167
0.2585452
0.8029562
-1.076252
-0.7522697
0.5081126
-1.124619
-0.04485157
0.5581059
2.114893
0.244397
-0.3221603
0.7597756
0.6876438
1.29252
1.050651
1.790835
1.933277
1.719376
-0.4871026
-0.2610815
-0.3992125
0.8409159
0.9496368
0.3348218
0.7813978
1.103911
0.7646281
-0.04435094
-1.528778
-0.4865904
-0.9536014
-0.1682822
0.3979529
0.592464
0.4271816
-0.664727
0.2572701
-0.04526093
0.474229
-2.192382
-1.726648
0.01323768
0.07691956
0.6020543
-0.07295324
1.00845
0.2731202
-0.813125
-0.03705515
-0.4905355
-0.1240527
0.3267193
-0.875918
-2.040701
-0.6549865
0.3915395
0.7632616
1.094174
0.7432137
-0.1309923
0.2803389
0.0677717
-0.2044742
-1.341013
-0.8509954
-2.101857
-0.3246702
-1.758713
-0.8236991
-0.1570071
-0.8847382
-0.4481573
-1.257149
-0.9102711
-0.7961976
-0.7618727
0.05993429
1.104123
-0.5391187
-0.524416
-0.8486899
-0.2828701
0.2329534
0.4950847
0.359595
0.1381316
0.1340627
0.4428263
1.540289
1.995747
1.874245
0.7788808
0.3076163
1.105753
1.515056
1.480536
0.7374786
0.2968433
1.243032
-0.7589694
-0.1748393
1.117662
0.6120483
1.246617
0.7197703
0.9307227
0.3122851
-0.02766478
0.7845694
2.272383
0.8122509
0.3003278
-1.493347
-1.773324
0.4398534
-0.244532
-0.650878
0.2958817
1.054661
0.8186274
0.9171038
-0.4525002
-0.7253342
-0.7275939
