-0.8015339
-0.9546114
0.7832768
-0.5644693
0.9743021
0.8883742
0.8499851
0.1226686
1.407488
0.4642544
0.6428559
0.5626737
-0.8678803
-0.8336423
-0.1321186
0.244632
-0.1010088
-0.09862739
-0.1830172
0.06394228
0.3713016
0.5790761
-0.7748104
-0.083217
0.4244104
1.519438
0.2046631
0.03921301
0.3370346
0.8005047
0.5092177
0.4353887
0.9638448
0.9208308
1.049874
-0.3078766
-1.659737
-0.08934906
0.3885476
-0.8269613
-0.5232087
-0.9781305
-0.7417081
-0.3898617
-0.3214803
-0.8829772
0.347732
0.2838902
1.611127
-1.541304
-0.1245276
-1.007293
-0.3570912
-0.2195137
-0.06905886
-0.1524984
-0.127397
0.836273
-1.370461
-0.7272779
-0.3357736
-0.6974618
-2.256047
-1.174728
-1.750302
-1.327458
-1.699227
-1.8115
-2.105731
-0.941914
-1.618103
-1.176251
-1.604343
0.1770078
0.7820059
0.8075605
0.2964215
-0.2537966
0.2619696
1.414356
0.6386642
0.9346134
0.4845129
0.2002734
0.6043107
-1.50746
1.60874
0.9703468
0.9745008
0.3624679
0.2666771
0.05371724
-0.2020505
1.730698
2.174896
1.982641
-0.9252826
-0.7021802
-0.0478523
1.442639
0.7380064
0.6920801
0.1990816
0.5062699
1.102855
0.938258
0.5755344
0.2784125
-0.07730555
0.04648072
-0.1167809
-0.0554533
0.1349465
0.0387079
0.7714792
0.8038785
0.4092024
-0.22528
-0.3061177
0.4369622
1.12929
1.709962
-0.1304376
-1.072839
-0.04190883
-0.4057111
-0.2262199
0.03048722
-0.3988045
-0.3331906
-0.9902208
-1.447956
2.64234
1.833798
2.622598
0.7777267
-0.1917863
0.592931
-0.1277817
0.5599789
0.4668404
0.3270248
-0.1293004
0.7977398
0.8347255
0.07777039
-0.3793113
1.062728
0.4218822
0.1611457
0.02236078
0.9761897
0.3111906
-0.0805092
1.338341
1.051841
0.4572855
1.8471
1.218031
0.5868974
0.4169372
0.3200909
0.5203657
0.9276515
0.7748411
-0.3512312
1.561858
0.7416828
0.4703491
-0.873817
-0.4393123
-0.8426946
-0.5992177
-0.6360944
-0.445528
-1.026878
-1.43889
-1.431928
-0.004292317
0.1759533
0.1118932
-0.6930654
1.522931
0.6178598
-0.1200833
0.4463881
0.06238274
-0.505287
-0.8067018
-0.7172906
0.1951544
1.100924
-0.9249155
-1.749999
-1.308806
-1.427171
-1.866501
-1.849333
-1.620959
-1.528509
-1.510816
-1.581921
-2.425079
-2.623694
-2.118114
-0.9811702
-1.150651
-0.401373
-0.8886358
0.2981171
-0.248715
-0.6907991
-0.5957019
0.2201147
-0.6552222
-1.452183
-1.655399
1.730916
0.1928288
-1.236321
-1.216067
-1.335621
-1.00224
-1.21878
-1.141258
-1.84408
-2.293898
-1.837638
-0.7806087
0.01682165
-0.005532087
-0.2793328
-0.6695486
-0.3299828
-0.09128609
0.7728807
-0.6376104
-0.05544693
-0.05642145
0.8501759
0.5414146
1.271411
0.1198367
0.3450598
1.169139
0.5107476
1.197984
0.1180935
0.6177216
1.020448
0.7894236
1.536123
1.886811
3.611965
1.923287
1.008966
1.219394
1.58515
0.5254694
0.8526953
1.02288
1.842497
0.71764
-0.2057334
-0.1690776
0.1591168
-0.6855585
0.8076779
0.2403906
0.439448
0.3670616
0.7461644
0.08189186
1.092701
1.095676
0.4241377
1.128204
1.664666
0.5398255
0.850906
0.4124266
0.8569793
0.03413831
0.3443551
-0.713562
-0.4604082
0.3874144
-0.672541
0.01284471
0.1989601
0.2816464
0.4955791
1.093452
0.09323143
0.9093627
-0.02110168
0.4670185
-0.448864
0.3567912
-0.2070057
-1.580394
-0.8895922
0.2818163
0.007835865
0.3015166
0.2976015
-0.8519233
-0.4461297
0.3462907
-0.5600922
-0.2237646
0.585738
-0.07703317
-1.398916
-2.196449
-0.1326055
-0.7461619
-0.6377801
-0.3744133
-0.08077412
0.01583418
-0.3648862
-0.5535909
-1.634241
-1.36333
-2.87452
-2.681362
-1.860937
-2.117733
-1.461377
-1.493886
-2.551302
-2.13332
-1.932642
-1.02542
-0.6503934
0.9748967
-0.8912815
0.3137797
0.07056291
0.214304
-0.5098268
-0.536944
-0.07050191
0.1757976
0.04605289
-0.2080299
1.174754
0.9713048
2.01414
0.1144565
-0.1523119
-0.7513489
0.6153626
0.6391503
0.4516622
0.2915229
1.711972
0.3404993
-0.2923181
0.7988154
-0.07742607
1.042322
1.119486
1.182785
-0.1744369
1.146836
1.583664
1.739918
0.3953895
1.499597
-0.7491938
-1.820529
-2.499982
-0.6091245
-0.2956723
-0.3136856
0.1711995
0.5539516
-0.3170669
0.4009331
-0.4607577
-0.6706923
-2.110708
-0.1252972
1.067822
0.1244334
0.8818569
1.165452
0.7755241
0.4558924
0.4205858
1.014671
0.8165206
0.9172646
2.156623
1.474613
0.260618
1.394938
0.03356229
0.09581481
-0.4902084
0.2668425
-0.181817
0.4835678
-0.7779045
-0.3337262
-0.5592192
-0.1865124
-0.002461129
-1.165751
-0.02390359
0.4219039
0.3749577
0.3239535
0.1843548
-0.1404676
0.1668734
-0.3491169
1.123222
-1.341666
-1.259527
-1.428
-1.795853
-1.886069
-2.011286
-1.842072
-1.500603
-2.052309
-1.171774
-1.962329
-0.831851
1.954236
0.4960081
1.275937
1.118719
0.9468257
1.443845
0.464515
0.4699076
-0.2488043
0.1923474
1.572939
1.834725
-0.09692745
0.8024877
-0.5103289
-0.3908617
-0.3595638
-0.05033688
-0.1409258
-0.08728149
0.5100664
-0.4287693
-0.1741096
0.612841
-0.06456262
0.1292897
0.1814562
0.6497538
1.12571
1.246408
1.035294
0.7863045
1.041365
1.278723
0.7058172
0.3115135
0.5245916
-0.1365389
-1.564078
-0.409226
0.6104355
-0.2438508
0.31392
-0.03828697
-0.07035326
-0.4482554
-0.6103371
-0.6306774
