1.636879
0.3517453
0.6991496
1.770201
0.1035051
2.334805
0.6771686
1.212294
0.5528033
2.11944
1.030743
0.6393011
-0.6266483
-0.4147531
-0.1729235
0.0574613
-0.4894497
0.737361
-0.02321616
-0.1677509
-0.3933984
0.0807528
-1.036414
-1.923472
0.0522754
-0.3872039
0.006522142
1.889741
1.055802
0.3158995
0.3742369
-0.2708171
0.2910847
-0.430361
-0.6265275
-1.790028
0.01835695
0.7577167
1.756313
-0.6530915
-0.5426775
-0.3804788
0.8205494
1.215732
0.3462025
1.427886
-0.00407866
0.217931
-1.388328
-1.552881
-0.9574949
-1.228607
1.398669
-0.3222297
0.2373402
1.059986
0.3832751
-0.4846429
-1.049229
-1.753062
-1.603049
-0.7708772
-0.8245684
0.1649109
0.3521299
-0.1105925
-0.4974988
0.518271
-0.170977
0.3464569
1.507787
3.416377
-1.705083
-1.817577
1.405175
-0.7707722
0.5267911
-0.6560757
-0.05828236
-0.1744248
-1.339713
0.3692207
-1.015912
-1.186507
-1.883426
-1.542783
-0.2309365
-1.996178
-0.2905215
0.3912147
-0.2829405
-0.924688
-1.367715
-0.1719866
0.07369886
-0.2688869
-0.3341777
0.1629165
0.131753
0.8238048
-0.4882263
0.1666814
0.7631224
0.2172611
0.5128285
1.894021
2.178434
1.131153
1.403971
1.075021
-0.8940564
-1.383624
0.8746479
0.656063
-0.2574471
-0.8772768
-0.5660607
-1.445198
-1.671455
0.1851306
1.075779
0.425903
-0.367961
0.4123213
-0.1177765
-0.6883535
-0.9868541
-0.6974896
0.2393286
0.004752818
-0.9842045
-1.084828
1.436763
0.1337413
-1.511412
-0.6966187
-0.4799108
-0.3072743
-1.395439
-0.1006887
-0.4373015
-0.1782908
-0.6414687
-0.1007402
-0.8279015
-0.6798298
1.652027
-1.35558
-0.8559685
-0.8786629
0.2134752
0.3868639
0.005651725
-1.211366
-1.320399
1.826177
-0.06386321
-0.287337
1.453219
0.1548751
0.2079035
1.338941
-0.0553867
-0.07031326
-0.2961048
-1.665867
-0.6366851
0.1058034
-1.08084
1.135578
0.1880903
0.5460728
1.038463
-0.1195841
-1.319154
-0.5512313
0.3725606
-0.09895616
2.878586
0.8885813
1.010443
0.9701383
0.6521872
0.642005
0.2617272
-0.01388046
1.584865
0.9171973
-0.2294697
-0.5768132
1.072552
1.865232
-0.9969909
-0.8284487
-0.829285
-2.124255
-1.185086
0.4937679
-0.1554714
0.2626526
-0.002205066
0.3615451
-2.120383
-1.203438
0.7570841
-0.2004935
0.8326174
-0.09145303
-0.7036328
-1.171428
-1.001855
0.8314813
-0.2328449
-0.07647772
-0.8051122
-0.823845
0.123901
-0.1372785
0.2905286
-1.271849
-0.302172
0.7604
1.900014
1.753646
1.357934
-0.4931758
1.406201
1.633729
1.007556
0.5316516
-0.6893312
1.600907
0.5423868
-1.434523
-1.394886
-1.300063
0.2699673
-0.4400566
0.5448495
-0.3933354
-0.2461753
-0.08429607
1.328911
0.3137332
-0.864393
0.7125345
-0.1181511
-0.3460884
0.8865429
-0.765029
1.304111
-2.374026
0.3648231
-1.730754
-1.305583
-0.7531615
0.6644118
-0.9344161
-1.072473
-0.7331345
-0.4188874
0.7597669
0.6728547
-0.2709379
1.256352
1.212131
-1.986364
-0.03301496
-0.3811063
0.4508359
1.269549
0.5211012
0.8397219
1.40986
0.5376664
0.3460014
-1.620707
-1.27757
0.1056407
1.076912
0.655435
1.020081
0.6613282
1.202945
-0.7380877
-1.196455
-0.8685268
1.597442
-1.44649
0.4339781
0.4864063
0.8904879
-0.961731
-0.1234615
0.1594335
-0.5571573
-0.4531249
-1.179379
0.4410096
-1.07605
-0.396655
-0.8270004
1.059109
2.333564
0.4003018
-0.0450451
0.2421234
0.6537502
0.2662795
0.1204397
-0.1749966
2.946806
0.57794
1.407607
-1.171363
-0.5649692
-2.032617
-0.2170668
-0.2566408
-0.4697731
-0.1415088
-0.6900749
-1.369483
-1.000992
3.985757
2.079731
-1.794713
-0.5350781
0.006006108
-0.6812834
1.421574
0.4830521
0.09226435
0.5636285
0.1448173
0.1747372
-2.102849
-0.4774409
0.626067
0.260877
0.3600051
0.7681987
-0.6635404
-0.2771191
-0.6153273
-0.5386963
-0.1403915
0.1970299
1.144203
-1.738479
-1.475604
-0.3695922
-0.3243109
-0.5000151
-0.9845662
-0.9695694
0.08116398
-0.4341892
-1.200517
0.6706269
0.9514957
1.517661
-0.4451725
1.322523
0.7129218
-0.2821084
-0.05825808
0.2836629
0.3202562
-0.7784848
0.07951219
-0.6815863
0.491125
0.4046482
0.6661634
0.4188603
0.6509816
0.2645725
0.7272826
-0.1869946
0.4235936
0.370259
-1.569707
-2.537441
-0.7693102
0.9388663
0.4652562
0.4232406
0.284575
0.4800093
0.4871485
0.7136422
0.1818779
0.07756276
1.843382
0.5867602
0.2234821
1.437423
1.175473
-0.6715293
-0.1808851
-0.7952464
-0.1297205
-0.1887078
-0.3783005
-0.7838163
-0.1031669
0.7184629
-0.4036569
-1.061444
-1.250071
-1.706894
0.5695211
0.3849766
-0.3177682
-0.05866294
0.2729234
0.2397292
-2.03332
-1.331293
-0.1039329
1.016807
0.2054876
0.6052797
-1.333957
-0.616776
0.9860796
-1.332718
0.3018475
0.9290172
0.7404741
-0.7500224
-0.1100053
0.01080316
0.8049539
0.276614
-0.3687941
-0.7346002
-0.1689769
0.5574336
0.454429
1.520173
2.003055
-0.3509557
0.7465668
0.3834107
1.452593
1.202972
1.063747
0.8426502
0.5196455
-0.3583813
1.196382
2.491636
2.740936
2.76791
0.6307953
0.7238864
-0.1644365
-0.07784946
-0.3974639
-0.6849646
-0.3350513
-1.237342
-0.2701305
0.4850582
-1.091922
-0.1798693
-1.03883
-1.175555
-1.277857
-0.8360042
0.6116133
-0.4073251
-1.524148
-0.980638
-1.665087
-2.025606
-0.8577375
-0.9812313
