-0.4992003
-0.3590781
-1.04202
-0.8444854
-0.9726096
-1.49778
-2.333303
-0.5090938
-0.6411163
-0.1575649
0.3320045
1.065343
0.8986118
1.583546
1.497991
2.017959
0.806541
-0.4778489
2.170226
1.276514
1.662483
-0.04176676
2.182814
0.9600101
-0.5092161
-0.695463
0.5747572
0.7086679
-0.4359723
-1.211511
0.1892718
1.274189
0.2314016
-0.7660961
-1.554385
-1.783547
0.8367854
0.05409851
-1.362261
-1.30629
-0.1588331
-0.6631956
1.048611
-0.5784553
-1.385626
1.053212
0.9315321
2.389543
1.970983
2.069139
1.08129
0.736168
1.394922
0.9954472
0.1762462
0.5403074
0.989839
-0.1994448
-0.09027619
0.5580967
-0.1268364
-0.671533
-1.484853
-1.379159
-0.2258317
-1.553925
-1.470477
-0.3938052
-1.64019
-1.310965
-1.313256
0.6686502
0.7477455
-0.4988691
-0.1578665
-0.211553
0.1536074
-0.0560592
-2.742317
-0.8464753
-1.844255
-0.760371
-1.954076
-1.357042
0.1269514
1.917443
1.039219
-0.2908945
1.987232
0.5764222
-0.4729708
0.0668303
-1.453477
-0.5012665
-0.4951967
-0.6608748
1.074918
0.2754811
-0.2325263
-0.09230004
-0.1255546
0.08366349
1.150601
-1.94188
0.4497553
-0.7975842
-1.531363
-0.3136338
0.1460433
-1.10957
-0.3092502
-0.6209251
0.4653257
1.077773
-1.327316
0.1135496
0.5393189
2.328585
-0.8274941
-1.118427
0.2742736
-0.4379425
0.1577249
1.075376
-2.130937
-1.366799
-0.7526261
1.171304
0.7515631
0.1226263
-0.020375
1.264485
0.5303452
-0.8748806
0.2168638
2.334655
2.392615
0.3734722
1.573344
-0.1955443
-1.439133
0.2664111
0.2791842
0.3112287
-1.47735
0.6093051
-0.7997372
0.2484561
-0.01249216
0.3927104
1.143339
-0.7581642
0.3241768
-0.3987847
0.03590291
1.946309
-0.0785806
1.384184
0.4793836
0.1413391
1.625302
1.885083
-0.235
-0.4736984
-1.132981
0.119724
-1.098901
-0.4849859
1.444101
-0.6888429
0.2608806
-0.2498208
-1.060217
-1.349596
-1.79462
-1.45622
-1.26628
-0.9068961
-0.7152767
-1.040661
-0.4920838
-0.6567096
-0.6747431
0.08266629
0.6858913
2.068769
0.6913857
-1.384408
0.7192631
0.4644603
0.9392537
-0.7215048
-1.428879
-0.718798
0.06768584
-0.7297592
-1.489808
0.5293809
2.841838
0.4062106
-1.528675
-0.00827383
-0.3661965
-1.485878
0.2066558
0.8745418
-0.2860715
0.0388509
-0.5298579
0.1143072
0.3002838
1.234966
1.727076
-1.098446
0.9634656
0.2126708
0.3252808
0.5974651
-0.9838139
0.7277991
-0.9173281
1.052624
-0.3688882
-0.4464059
0.4102688
0.715676
2.318949
1.310867
0.5877959
0.7732431
0.737056
-0.7456673
0.8845295
-0.2878306
-0.04277239
0.1155955
1.197639
1.057274
0.1302162
-0.01247886
0.357847
1.105426
1.150909
-0.001086464
-0.2634228
2.638155
0.8114132
0.9355234
1.478089
-0.6374861
0.08366296
-0.7868378
-2.749586
-1.716511
-0.6936621
-0.9100252
-1.791115
-1.083133
-0.5507233
-0.5536928
0.7868271
-1.608863
0.03104259
0.5957493
0.3722468
0.8617398
0.4522454
-0.2690796
0.6235168
-0.2646278
1.03469
-0.5218446
-0.4784126
-0.7547202
-0.5324988
-0.8241453
-1.378611
-2.077999
1.057721
-0.9323876
1.809105
0.003308722
0.2571507
-0.9485335
0.2925342
1.964492
-0.01576342
-1.63295
1.265092
0.7676488
0.6151721
-0.344926
-0.2268875
1.226569
-0.2383064
-0.8486311
0.2909533
0.3892022
0.2185671
1.870648
-1.300808
0.7725517
-1.165401
-0.680112
-0.8883862
-2.048398
-1.745026
-0.6110851
-0.9810253
-0.3435267
-0.4187694
0.4934466
0.2213871
-0.879875
0.4181061
-0.4169292
0.3156858
1.069514
0.3887633
-0.2630675
0.08465306
0.2474167
0.4144454
2.157808
-0.2846251
0.0638507
-0.3117659
0.3120449
-1.93748
-0.7624115
-0.8806356
2.015832
0.3907724
-1.024105
-0.7031246
-0.4461047
-0.02930505
-0.1747462
0.6214639
0.9443656
0.5601031
0.8879923
2.772676
0.1293658
0.3065076
0.488673
0.4740723
-1.544355
0.09468484
0.3142367
0.9863464
1.469321
1.26298
-0.1065696
0.9524287
0.8454915
0.2705293
0.3591698
0.4174203
0.2755788
-1.065814
-0.4283357
-0.7001396
0.2352222
0.6782667
0.4932885
0.882261
1.033404
0.381254
-0.4542991
1.142272
-0.5568181
2.031621
1.945669
1.045856
0.5615343
0.3088387
-0.8242211
-0.9219078
-0.1688237
0.7178397
0.3174176
-0.08617557
1.490937
-0.5404
-1.431693
-0.3058189
-0.364448
-2.0714
-0.789781
0.2547744
0.2342711
0.2000627
-0.8574997
0.01962711
-2.575129
-2.415769
-0.671005
-0.8161767
-0.9604976
-0.9914464
-0.5051889
-1.543439
-0.9745862
-1.008034
-0.6970809
0.5144779
0.0622948
-0.4070646
-1.317572
-1.494432
-0.8445446
-0.5474069
0.5092217
-0.6021976
1.534602
1.568489
0.3068377
-0.4783623
-0.3896989
0.6181814
-0.1661914
-0.1245388
-0.1841579
0.7296512
-0.274014
-0.1481706
0.09898423
1.441291
-0.05492479
0.4601337
-0.9113464
0.0424327
-0.6569298
-0.3194381
-0.5606599
-0.04406355
0.0398251
-0.9746364
-0.8091293
-0.04516839
1.050358
-0.3273688
0.6324061
-0.3564772
0.06186311
-0.5812838
0.3946847
0.3653098
-1.266709
0.4551487
1.484968
-0.9278673
0.9523479
1.936742
1.383228
1.448133
0.6464316
0.9666994
-0.03730447
-0.56569
-0.154901
0.05432136
-0.3298669
-0.5611299
1.196946
-0.302577
-0.3397809
-0.7608135
-0.6726838
0.2383951
0.8198008
0.2594789
0.501073
0.02092053
0.5778034
-0.7509757
0.1576384
-0.7639118
-0.3823994
