-1.334449
-0.168372
-0.2369869
-0.8293386
0.1767345
0.02750132
-1.235891
-0.1161322
-0.5164758
-0.7757704
-0.6219162
-1.468606
0.1597747
-0.03349576
-0.3036562
0.5572848
0.6445934
0.4585611
1.51252
-0.2540516
-1.589665
0.7683365
-0.1757358
0.8372416
-0.1721864
-0.8297184
-0.131602
-1.981517
-0.2684456
-0.5383772
-1.704137
-1.06805
-2.28243
-1.365752
-0.4361547
-0.6922723
-0.2789353
0.1570224
0.5788397
0.3477891
-0.7085024
1.629838
1.798531
0.4008308
0.7654428
1.053897
-0.02704465
0.1900027
0.1677631
0.7203637
1.171377
1.69335
0.7835644
1.186093
1.572944
1.478886
0.3274171
1.647291
1.009165
0.8571791
-1.284458
-1.608733
-1.177703
-1.396915
-0.6013538
-1.427731
-0.3523418
-1.354015
-1.416746
-1.91281
-1.292632
-1.568551
-0.3673946
-0.5170764
0.878082
0.9661272
1.049141
-0.5952668
-0.5747172
0.07841911
0.5752448
0.5200518
1.042786
0.6593665
0.8519198
-0.01473042
-0.2393848
-0.5177659
0.6626042
-0.4234957
-0.3144658
1.129552
-0.07748213
0.1390067
-0.1199651
0.2234741
-0.9336566
-1.315292
-0.470809
-0.4116215
0.03850258
-0.1550407
0.7847289
-0.4728041
-0.4238744
0.1671067
-0.8942661
0.2067632
-0.342005
-0.9907119
0.03691414
0.8539082
-0.07038113
-0.3181796
-1.108309
0.9780316
-0.1678668
-2.810811
-0.3081053
-0.8325464
2.130876
0.676191
1.062212
0.7862463
0.4146724
1.136123
0.6015638
1.068949
1.216558
-0.3511988
0.7557557
1.014376
0.2139838
1.978056
0.4650702
1.237945
-0.1344447
-0.3762179
-1.055925
0.6647921
1.302911
1.335196
0.2138036
0.09242989
-0.6142511
-1.226437
-0.3229486
-0.3956362
0.7174363
-0.3123747
0.6569512
-2.07413
-0.5509124
-1.065677
-0.7325695
0.6519275
0.3276633
0.6542894
0.03394867
0.9619866
0.7397192
0.2321665
-0.2114494
-0.7849326
0.02104573
0.9284042
0.04813637
0.9257174
-1.097364
-0.2227189
0.05303806
-0.7814072
-0.9782711
-1.439816
-0.3927838
-1.2802
1.142506
-0.8150236
-1.08337
-0.07846271
-1.108175
0.1788318
0.6045628
-0.9926188
-1.136007
0.2028938
-0.6279685
-0.1327496
0.3466989
0.513373
-1.079112
-0.4536054
0.4823959
-0.4637679
-1.241182
-1.397602
-0.6953365
0.1942928
-0.4062426
-0.3023671
-0.09048132
-0.4008028
0.03148807
-0.3797842
1.647738
1.132508
0.04634918
0.2111745
-0.6226526
0.3847249
0.4242969
-0.7423636
-1.247423
-0.5407972
-0.7064759
0.4058525
1.917284
-0.1286019
0.2809204
-0.4435444
1.25139
1.91411
1.147195
0.33946
3.696107
1.15332
0.3104819
0.3509028
1.115474
0.4517408
0.2749526
0.3671204
1.504474
1.194846
0.8138391
2.876276
0.6461113
0.3846168
1.917774
0.9518274
1.614758
1.777133
1.478618
1.267106
0.6969754
0.8497313
1.382796
2.204999
2.415188
2.027128
1.879591
1.917184
0.1094985
-1.343631
-1.265093
-0.9980125
-1.64448
-1.408713
-1.044793
0.762521
-1.931033
-1.719618
-0.02382449
-2.503985
-0.04692406
-0.5451434
0.5108377
0.09135073
0.7505141
-0.02280056
1.761987
-0.9222334
0.3592416
0.1754602
1.005206
-0.1701544
0.4769852
-0.1203691
-0.7448862
0.6584786
0.1012672
-2.202764
-2.183981
-0.3974581
-1.949396
-0.5943266
-1.412081
-0.1389684
0.1642486
0.3178742
0.9079894
1.665802
0.9692553
-0.5439084
0.3011347
-0.7612256
-1.157628
0.7766269
0.3025352
0.262049
-0.8020146
-1.818347
-1.59245
0.04813946
-0.8992449
-2.273109
-0.6975722
-0.8296481
-0.6001509
-0.09662589
-0.7850539
0.1158305
0.1000801
-0.4091997
0.361569
-0.5898882
-0.6861269
0.02321788
-0.5344168
-0.6790053
0.3353732
0.3909372
0.2287738
-1.068712
-0.2062471
-0.2132676
0.5028825
-0.5013881
-0.4646736
0.9757966
1.135559
0.7694219
0.464865
-0.05439255
0.5903358
0.531167
0.174754
0.9931813
-0.4513658
0.9926996
-0.8271201
1.296421
0.9534374
-0.07276534
0.4691936
-1.03127
0.6461399
0.3652496
0.495283
0.8369641
0.4872884
1.066343
0.7757467
0.1890041
1.104092
1.532216
-0.2993397
0.5614674
0.6442288
0.1565803
-1.11788
1.089384
-0.03067589
-0.09434606
0.8540421
0.9984672
-0.003091106
-2.167969
0.008026913
1.293891
0.343744
-0.2991811
0.4049689
2.085503
1.335793
0.9278618
0.8874572
1.054698
1.500404
1.165813
0.9243804
1.334443
1.351549
1.647119
-1.395828
-1.678659
-1.376993
-1.363901
-2.033236
-2.09436
-1.264353
-0.2605413
-1.867729
-0.8427145
-2.572355
-1.085515
-0.7878453
-0.4040179
-0.7230745
-1.046796
-0.7639263
-0.4750889
-0.4868017
-1.697726
-1.18823
-0.7190346
-0.9869779
-1.003209
-1.332955
0.2967313
-0.6872369
-0.7686099
0.4867216
0.107176
-0.03101325
-1.791178
-0.4798054
-1.641501
1.003345
-0.5330077
-0.4604381
-0.007218467
-0.131579
-0.5922973
-0.3804076
-0.3354059
-1.080269
1.577178
0.5512163
-0.1236802
-0.8172563
0.07437878
1.082429
1.717282
-0.5303324
1.469456
-0.2828592
1.263484
0.728667
1.714399
2.802954
1.576007
0.472793
1.059291
1.01177
-0.2392282
0.02794702
-0.5363346
-1.291049
-1.16863
-1.231634
0.6181505
0.2866634
-1.063144
-0.8411393
-0.2294796
-0.603974
-0.3771075
0.6706511
0.3353707
1.114681
-0.007808675
-0.2152839
0.1762574
-0.517211
0.1061136
2.08217
-0.4101437
-0.6243626
-0.600244
-0.2805698
-0.9860226
-0.2039077
0.7756763
-1.400379
-1.303123
-0.1831109
1.239529
-0.7478526
-0.3167254
