0.1737018
-1.145565
0.9986964
-0.4214618
0.4244037
0.3042238
-1.40271
-1.505429
-0.9273189
-0.01899558
1.024996
0.232941
0.4848332
-0.3219096
-0.09202573
2.646698
0.1444864
0.1777233
2.096609
0.02261816
-0.1259722
0.8670747
0.4678658
0.8260888
0.289874
-1.333914
0.7249786
0.9450452
-1.432438
0.9931297
-1.104849
-0.4463401
-0.1747128
0.1981206
-1.377757
0.2765686
-0.2069652
-0.6429357
-0.9760255
-0.3150742
-1.35454
0.7426438
1.328794
0.7537241
0.4384986
-0.002195253
1.381955
-0.06582882
0.3348324
1.308666
1.32067
1.498912
0.7848826
1.130548
-1.488732
1.223959
0.2591422
0.4595322
-0.6697764
0.3917899
-0.9884133
-1.66616
0.6302289
-1.063151
0.2539832
1.684495
-0.1887085
0.529121
-1.224865
-1.70451
0.04887969
0.723356
-0.1912055
-1.364531
-0.3901637
-0.7394949
-0.9201489
2.009927
-0.1565572
-1.109014
-2.499305
1.047447
0.002550234
0.1708722
-0.3943613
-0.6552399
-0.4423163
-0.6813982
0.6165688
-2.441612
-0.6886578
-0.1063543
0.04557576
1.772393
-0.2138136
0.03679367
-0.6773439
-0.5077634
-0.3561866
-1.153224
0.2043385
-0.4564671
0.5247388
0.629019
0.1289932
0.2972306
-0.8520811
-0.5591608
0.8129964
-0.2697209
-1.50524
0.9932525
1.473505
-0.2340771
0.9017227
2.360214
0.3827988
0.03659851
-1.227207
-1.157104
0.02618689
-0.4773654
-0.07803638
0.139029
-0.4315555
-0.9307661
-0.479953
-0.5620897
0.8932829
0.4200198
-0.5495625
-0.6856315
0.6274501
1.116685
0.07932284
1.825648
-0.6116969
-1.455386
-1.00118
-0.1933716
0.3299193
-1.04476
-1.019759
0.5174071
-0.9800399
-0.500594
-0.2574839
-1.413307
-0.1475333
1.67709
0.9990974
-0.158568
-0.4326735
0.9880341
-0.2097947
0.4403966
-0.380658
0.4899511
1.052396
-0.1432398
1.224185
1.260869
2.018833
-0.6337298
-1.748225
-2.217146
1.347409
-0.7868758
-0.09653866
0.632466
-0.4192248
-0.2032458
-1.65367
-0.5972188
-0.756989
-0.8188921
0.1125732
0.7243798
-1.644876
-0.3161386
-0.1796843
-0.1601273
0.5557769
0.1879096
-0.2052012
0.01088734
0.6935167
-1.118689
-1.306237
1.442828
-0.7158979
-0.1232952
0.02361586
0.5421199
-0.5731063
-1.881495
-1.11852
-0.2542994
-0.3099539
1.197112
-0.8683638
-0.5792069
0.5045056
-0.7254924
0.6784001
-0.2048429
-1.315689
-0.209285
-1.275236
1.025738
1.565269
-0.5119237
-0.1311655
-0.5472208
-1.881468
0.555844
-1.748425
0.349268
1.04131
-1.641931
1.874257
1.149348
-0.4793725
-0.05653532
2.276453
0.927054
1.083554
1.245816
0.6172466
3.11401
0.706593
1.582965
2.504623
1.504888
-2.368542
-0.1786779
0.9260681
-0.9891623
1.108748
0.2950079
1.151482
0.1974373
1.863856
0.4794162
0.1729126
0.7795552
-0.0751145
1.587097
0.9528158
1.788587
0.4686329
0.1033823
-1.348464
-0.2654469
-0.3141322
-0.8740506
-0.185702
-0.7321229
0.3895933
0.8665389
1.959968
-0.3637846
0.6555493
-1.137264
-0.6968336
-0.9088795
0.09216689
0.6323456
-0.2262666
0.463297
1.71287
-0.9021614
0.9438856
-0.07517464
-1.072481
-0.7590468
-0.5117948
-0.6987008
0.4063608
-0.902804
2.048358
1.506376
-0.06837246
0.2092735
-0.1446599
-0.7880265
-0.1518782
-1.311473
-0.1702714
-1.106115
1.020673
1.758905
0.8386212
-0.6323679
-1.142299
-0.5556176
-0.7638227
-0.7364014
-0.1150592
0.6297441
-1.058427
1.197668
-1.320264
-0.5528601
1.393027
-1.948745
-0.931406
0.9090133
-1.903013
-0.4413265
0.7745385
-0.9196
0.7202359
0.6357461
-0.06873298
-0.1211255
-1.143963
1.134316
0.9766979
0.5139369
1.082791
0.985063
0.8454919
2.423054
-0.4922215
0.5933006
-2.233236
-1.129654
-1.114188
-0.2471225
0.2522688
1.417205
0.3085341
-2.050745
0.0640224
-2.662432
0.7887406
0.7489861
0.5650585
0.07000398
1.345694
-0.3605661
1.251381
0.06505194
1.107621
-1.110702
1.03546
-0.2072423
1.026692
0.1081934
1.064224
0.8838018
0.6736931
0.3475235
0.1825526
0.02679719
0.284512
-0.07371666
-0.1409347
1.369917
-0.4843959
-0.6891288
-1.436717
-0.6387779
-2.269252
0.07514329
1.084267
-0.9885732
0.05750531
-1.827986
0.2048988
-0.191815
-0.2153823
1.722841
0.7302646
0.6088648
-0.398108
-1.152322
0.4903711
-0.4171955
-0.2847628
-0.8674007
0.3431564
-0.07177748
-0.652781
-1.120311
-1.648566
-0.9621275
-1.94136
-0.9099768
-0.1627167
0.7865398
-0.9654488
-0.5139607
-0.8372456
-0.4213403
-0.02521106
-0.4237344
-0.3968327
-0.6679764
-1.66132
-1.641176
-1.790171
-1.397203
-0.3952789
-0.4460254
0.3077616
0.6517778
0.2282305
0.6303724
0.5402173
-1.036335
-0.9357471
-2.73723
-0.4725145
-0.3083626
2.039312
-0.429473
-0.2758492
0.3619141
0.3831933
0.4637862
0.04937069
0.1546797
-0.5134186
-0.7689655
-0.1265066
0.4399318
0.1604097
0.1769547
-0.3076999
0.262493
1.336398
0.9067317
-0.6055146
0.2898141
-0.743328
-0.8589316
-1.504619
-0.7426142
1.245628
2.308444
0.7488914
0.5858681
1.845225
0.4957023
0.6642715
1.489896
3.434379
0.6260003
0.4391459
0.9903497
0.3639195
1.071741
0.5177187
0.6529264
0.03687701
-0.3247537
1.547712
1.039617
0.0180635
-0.5122709
-1.353515
-0.8429008
-1.229284
-0.1810932
1.219072
-0.4372645
-0.3007689
-0.6403729
-1.362567
-0.572919
0.7935762
0.2480638
1.164372
-0.9148106
-1.076853
1.634258
-0.715986
-0.000132407
