1.098711
1.841988
0.2498862
0.171045
0.8557873
-0.4293624
0.9718678
-0.4556649
0.31179
-1.550816
-0.354597
0.2443132
0.4424167
0.6176869
0.5755708
-0.4258541
1.878289
0.3820059
-0.006399678
1.222993
0.07599375
0.07090501
-0.6960389
-0.2507775
-0.640309
0.8023561
0.4024148
0.1152932
2.158055
0.4242865
2.463628
1.099037
0.4693119
1.215686
2.255903
0.1317876
0.4360531
-0.6394733
-0.3603333
-0.9499877
0.8440512
0.4272411
-1.887592
-1.025604
-0.8731075
-1.641157
-1.097219
-0.06037985
-0.4138956
-2.093349
-1.433839
-0.2139156
-0.7631691
-0.59855
-0.3650336
-1.350929
-0.3159297
-0.5880538
1.341637
-0.5593199
-1.325935
0.2116144
-1.116669
-1.29829
-1.429559
-2.177608
-2.134951
-1.947731
-0.9574051
0.3913433
-1.408247
-0.9623713
0.9414403
1.598741
0.1940699
1.380383
1.60766
0.5167381
-0.2635948
1.156746
2.20721
-0.7669536
1.290377
0.2424028
1.860675
0.8336754
0.5892799
0.9739578
0.7802926
-0.4223843
0.6160194
-0.5105949
-0.2523516
0.8789195
0.02965744
0.6621155
1.629502
1.516209
-0.5583532
0.485405
0.3431733
0.2627096
1.105653
0.9555619
-0.9819846
0.0330959
0.8230493
1.147515
-1.119833
-0.8329062
1.062025
-0.8164433
-1.627731
0.5063908
-0.3961576
-0.7656149
-0.1925436
0.2003365
1.151505
0.833008
0.5019695
0.09901665
-1.170293
0.216589
-1.939958
-0.2056134
0.7170579
1.822082
-1.221593
-0.1600599
-0.06458858
0.8887105
-0.8101066
-1.674523
-0.9641831
-1.082922
0.1052936
-0.3544253
1.654514
-0.8362715
0.7405985
1.464019
0.3701992
-0.5167192
-0.4332483
1.406586
0.3255432
0.8969
0.125328
-1.497439
0.001820129
-0.3358007
0.942811
-1.567432
-0.5457326
-1.127778
-0.1785442
-0.6056256
-0.6316467
0.5691242
-1.287242
0.5989375
-0.9232389
1.072487
-0.09767541
2.657642
-0.2849316
1.098148
-0.9678993
0.2453852
-0.9171984
-0.7917498
0.02423764
-0.6035927
0.2133004
-0.1160205
-1.589549
-0.613066
0.5046681
0.1998322
-0.2912419
0.1393559
0.1263898
0.001482149
0.3113664
0.355077
-0.4932628
-0.0282301
-1.710664
-1.758079
1.279306
0.06824328
-1.526051
-2.367667
-1.948575
-0.6398561
-0.4261431
-0.7422072
-2.176161
-1.983063
-1.581652
-0.6760298
-2.03594
-1.199715
-0.5328289
-0.05564359
0.8278322
0.6577722
0.1718076
-1.237857
-0.6043135
0.6228039
1.770993
0.148472
0.6052387
-0.164523
0.99334
-1.348953
-1.244031
-0.47015
-1.506471
-0.3406169
-1.644065
-1.813658
-1.839535
-0.8063114
-1.095211
-0.5526609
-0.1079263
-1.338966
-0.3962446
-0.5858706
0.32544
-0.2506905
1.292247
-0.4198608
-0.2042814
1.75689
0.4189316
-0.07222401
0.2720612
1.386899
-0.1580749
0.3270283
0.4807456
1.216201
1.203942
0.1009073
1.328496
0.3102438
1.137837
-0.6157237
-0.3532254
0.285522
1.744289
0.9201832
0.6341321
1.885708
2.043873
-0.1400971
0.1841669
1.059019
-0.7423305
0.4214169
1.13314
1.282041
0.1497974
0.9261147
1.495604
0.3011915
0.01733292
-1.12697
0.3086045
-0.4853356
1.495267
0.5590752
-0.04710275
0.3431063
-0.46588
0.4779755
-0.9343511
-0.7442803
0.4300266
0.9233231
1.570094
0.9741257
0.5021721
0.6593968
0.4853869
0.847034
0.3915119
-0.5149411
-0.7564128
1.218585
-0.2217722
0.5116102
1.015444
2.016246
-0.2419409
0.8365077
0.8065532
-0.7026882
0.9184191
0.279222
-1.583453
1.416283
-0.6198272
-1.441463
0.09055965
0.6857089
-0.3988478
1.007147
-0.6256703
-0.3177625
-0.3914777
-0.6979408
0.3350617
-0.2584423
-0.1116773
-0.2343422
0.5561004
-1.100066
-0.5690018
-2.140439
-0.9582559
-1.218434
-0.4008
0.1166808
-1.175569
-0.6706578
-2.606277
-1.744477
-1.383756
0.8869626
-2.051136
0.05918453
-0.2974976
-0.4940792
0.05479105
-0.3856147
-1.176318
-0.6284527
-0.6836261
0.1068623
0.04380136
1.081541
-0.4336805
0.3381056
-0.1170651
0.3870851
-0.3667128
-0.5866359
-0.2003655
0.0004353751
1.139389
0.05511067
1.118069
0.7348684
0.9004617
-0.6390297
1.312386
1.685832
2.097415
1.902784
0.9062984
-0.2334702
0.9936529
1.150337
1.116827
0.2777144
-0.7852004
0.01999234
2.066101
-0.6803943
0.2221397
-0.7870732
1.406007
0.9967927
0.6282359
1.733645
-0.8254035
1.104237
-0.1016904
-0.306223
1.593373
0.396007
1.781049
-0.1597611
0.3937947
0.8930958
0.5769733
0.9946117
0.4727817
0.2019543
1.561575
1.285617
-0.9438325
-0.8115057
0.4378915
1.021267
0.8435016
-0.8967079
0.001421337
1.569754
0.5788069
-1.369046
-0.3233197
-0.1725123
0.3994997
-0.7918414
0.1172287
-0.02040144
0.9415393
1.165553
0.3582839
0.3381558
-0.588219
-0.6261039
-0.008565187
-0.04340442
-2.266414
-1.385067
-1.23812
-0.8732817
-1.064161
-0.8996545
-1.671162
-1.895743
-0.8760035
-2.130428
-1.4584
-0.890725
-0.6127577
-0.699982
1.672898
-0.3903568
0.8267868
-0.5493466
0.05249817
-0.3035882
-0.9224446
-1.890098
-1.161466
-1.11945
-1.738521
-0.02944557
-0.4847906
-0.5349839
-1.638784
0.06218379
-0.6829375
0.3804675
0.2267745
0.9378222
-0.6018258
-0.002015678
-0.1819302
1.756669
-0.3166448
1.195681
0.9820362
0.4883499
1.984835
1.207414
0.8120328
0.330023
0.3801988
0.4520071
0.6798339
0.5376588
0.7280729
-0.3344008
-1.221358
0.6386476
-0.9886829
1.407463
0.3982928
-1.792497
0.2779804
0.07830442
