0.458071
-0.06524806
0.8164329
-0.9573167
0.3375399
0.8901607
-0.189889
-1.440769
-0.9552454
0.9685363
0.3375742
0.8081658
0.2119863
-0.7181792
2.060695
1.629825
0.9805303
0.1854234
1.612782
1.850228
2.038064
-0.1037572
0.971357
1.414669
0.8291997
-0.2456878
0.2916757
1.66231
-0.3168999
-0.0252691
0.6606061
1.21809
2.916257
1.864783
-0.6310935
-0.04992046
0.1204132
-0.8988858
-1.188872
-0.5325634
-0.80529
0.1574629
0.04024643
0.02274148
-1.296014
-1.052437
-1.073413
0.2260317
-0.4249696
0.3052206
-2.28542
-1.74367
1.107077
-0.4604104
-1.776711
0.0145292
-0.5833292
-0.7860264
-1.511765
0.1392324
-0.2394911
-0.2530113
0.02107686
-1.022572
-0.2514508
0.4370089
-2.392336
-1.473788
-3.533169
0.1981381
-0.3983786
-1.264252
1.186789
-0.2373052
0.7458509
-0.003578809
-0.7351037
1.825555
-0.6152537
1.333322
0.6150497
0.6987197
0.4242185
-0.1378952
0.3704155
0.06077262
1.789405
0.6779577
0.2613306
-2.05819
-0.8809241
0.9781638
-0.3864227
0.2430775
1.340997
0.4755081
0.4799965
1.943212
-0.02565424
0.2912729
0.6405506
0.308749
0.05128695
-0.6299714
0.260015
0.3514103
0.9955651
0.5060805
0.5907303
-0.3682413
-0.6489012
0.03416998
0.7187896
0.6862587
1.003696
-0.2071118
0.06169054
0.9049354
-0.8721274
-0.4567403
-1.019359
-0.4370644
-2.122523
0.1521905
-1.686379
-1.680325
-0.5328997
0.1750173
0.4966687
0.1842798
-1.883773
0.659928
0.7097371
-0.1777358
0.9616883
0.2733506
-0.8166803
0.005255586
-0.3630226
0.01806015
0.2084207
-0.1384448
1.633536
0.1010026
-0.2874899
1.0916
-0.2887001
0.3532037
-0.1582822
1.197042
0.5450485
0.6512523
0.7071292
0.7537989
0.4909164
0.3010438
-1.088577
1.409729
0.9411194
0.3050709
0.04717635
0.4735884
1.758138
0.5301381
-1.432956
0.1601041
-0.9511544
0.5454681
0.3553249
-0.6958749
0.4640526
1.219752
-1.352933
-1.759043
-0.4006078
0.4755231
0.1098004
-0.954402
-0.5941837
0.7770675
-0.4377103
-0.2263345
1.137766
1.072023
-0.07770357
1.077041
0.4180968
-1.694397
-0.05553482
-0.5427452
0.08061472
0.9626015
-0.8192163
-1.031255
-1.360188
-2.094512
-1.403133
-1.625839
-1.679386
0.6424529
-1.311035
-2.430339
-0.1395631
-2.792331
-0.5913474
-0.2909255
-0.242754
0.1072488
0.5623167
-0.4665343
0.7003196
-0.07480837
-2.014957
-0.2511904
-0.03955974
-0.3999548
-0.6766258
-0.5101672
-0.8933714
-0.6861555
-1.186574
-0.03804858
-0.6545634
-2.126694
-1.446603
-0.7647093
-1.325689
-1.157841
-0.1120068
0.3246189
-1.197412
-2.151782
0.02871614
0.06074725
-1.742322
-0.4925006
0.4716959
-0.5281934
0.3036794
-0.7354861
0.104599
1.559139
0.1703787
-0.3671529
-0.6547241
1.611847
1.413619
1.524269
1.68307
0.2743186
-1.050647
-0.918293
-0.4054016
1.435208
0.4165128
0.2600653
-1.127084
1.299563
1.593592
1.030668
2.333487
1.557572
1.956481
1.242354
0.6505052
0.3331079
0.07449464
0.4395612
0.1130646
0.8917941
1.736763
0.9954169
0.1190281
-0.6414595
-1.510954
-1.738833
-0.5733708
-0.4305521
1.580206
0.7410907
2.02579
1.243198
2.384693
1.534715
-0.3852416
1.143997
1.697206
-0.6043531
0.9858214
-0.1456674
0.1722346
0.4551241
0.6278428
-1.846854
1.072184
-1.292475
0.06772735
-1.116537
0.2296997
0.9612135
-2.155283
0.2430167
-0.4906258
0.2140378
-0.2612466
0.7027975
-1.621732
0.02319285
-0.8814077
-0.681563
0.09745401
0.9381704
0.01030937
-0.3590851
-0.9636598
0.3210396
-1.179761
-1.10651
0.1284053
-0.6578258
1.157045
-0.06763072
1.031103
1.230054
-1.635419
-0.5277579
-1.46046
-2.013462
-2.614895
-1.339836
-0.7575238
-1.005493
-1.290733
-1.173768
-2.060052
-0.6222644
-0.5696989
0.8201561
1.13896
1.626325
1.235129
-0.5701517
0.08374945
0.8898543
1.390999
-0.5346608
0.5315065
-1.239516
0.1529238
-0.5127499
-0.3777541
0.174315
1.24043
1.040612
0.1694561
-1.457228
-0.4432927
0.6874243
-0.949366
-0.6733127
2.004997
0.4128853
1.405071
0.6509055
1.238699
0.1254954
0.8454548
0.6852776
1.903005
0.9677305
0.2871718
0.5328528
0.1656606
-0.5634192
0.546375
-0.3655966
-0.1503175
-0.07523057
-0.5038084
-1.571133
-1.89198
-0.5074768
-0.9758104
-1.880614
0.1616504
-1.531516
-0.3127547
-0.3236122
-0.5234947
0.939747
-1.01113
1.101897
0.7822924
-0.1858019
1.052076
-0.1389582
-0.527566
-0.4164186
0.2904651
0.2121101
0.1684287
-1.438955
-1.109485
0.4919807
0.5021086
-0.1548899
2.250413
0.9518505
0.5986397
0.6730887
-0.1252611
0.01524008
0.2215013
0.1562999
-0.4428238
0.8102241
0.9037406
0.9572235
-0.7093565
0.739562
0.5528964
-0.794057
-0.6673125
-1.680095
-0.8207946
-1.053443
0.2132563
-0.9157519
-0.193972
-0.544149
-0.0296151
-1.309686
0.4355839
0.9915782
0.1060535
-0.60788
0.0400461
0.3186646
-1.321146
-1.785856
0.2344956
0.7157074
-0.4165927
0.2705615
-0.875684
0.7973803
-0.9086124
-0.2069183
2.160391
0.1461918
0.1470765
0.9484119
0.2129907
0.461978
0.8468578
0.9386082
1.3666
0.02319105
1.078238
0.705031
1.760574
0.2584258
0.2360628
-0.4954537
-0.859649
0.9516206
0.2860277
0.496609
-0.2013994
-1.098913
-0.7373191
1.100464
0.5684307
-0.507064
1.193049
-0.5865348
-0.1499854
-0.7971294
0.3923015
1.040071
