-0.3579965
-0.4573208
-0.4106339
-0.7079998
-0.4348593
-0.8246766
-1.26584
-0.6045846
0.369675
1.033346
0.8829242
0.5406918
-0.02172185
-0.02668681
-0.1590404
0.06457774
0.1177645
-0.7225309
-1.247504
-1.142785
-1.073263
0.8293727
0.9898398
0.5961069
1.267833
1.143141
1.441157
1.131269
1.099013
1.525048
0.9907061
0.8901762
1.527031
0.7506725
1.327375
1.289421
-0.4253862
-0.8038692
-0.7045693
-1.26556
-1.26089
-1.172084
-0.4768381
-0.3432741
-0.2027509
-0.2553376
-0.4681454
-0.04249106
-0.3771205
0.05976233
0.1748645
0.1452978
-0.1526709
0.1393766
0.8483676
0.1954266
-1.010725
-1.093683
-0.4079643
-0.5830818
-0.4359056
-0.4276413
-0.1467643
-0.210611
0.2882897
-0.09729198
0.2437146
0.1441927
-0.1075204
0.08755374
-0.1211474
0.01484203
-0.2947299
-0.7862977
-0.8789631
-0.6238394
-0.7280121
-0.1944585
-0.45758
-0.5156799
-1.487179
-1.865139
-2.241529
-1.943356
-0.3003757
0.02522875
0.05046894
0.0397954
0.2714387
0.6189428
0.635013
0.2456366
-0.06650615
-0.5418108
-0.2727232
0.01546961
1.025886
1.217763
1.159772
1.498955
1.631668
2.17767
2.549875
2.207968
1.901621
2.118824
1.429518
1.48285
1.694204
1.490584
1.462371
1.765646
1.941648
1.895928
2.103351
1.536918
1.750864
1.854786
1.840347
1.511986
0.5831829
0.146908
0.1928696
0.4424375
-0.0371036
0.4072565
0.2569241
0.2108366
-0.1669225
-0.2491506
-0.3424274
-0.3670526
-1.102437
-0.8969881
-0.9316099
-0.8175482
-1.010141
-0.6076324
-0.4576938
-0.2236594
-0.672165
-1.062696
-1.109603
-1.501623
-3.377083
-3.063989
-3.139929
-3.119161
-2.941821
-3.176467
-2.979086
-1.981881
-1.769761
-1.999841
-2.283908
-1.976932
-1.099405
-1.055362
-1.430034
-1.221863
-1.227978
-1.270145
-1.288025
-0.923097
-1.521608
-1.01749
-0.8524517
-1.29398
-0.3579073
-0.2600169
-0.4473495
-0.08905789
0.3925337
0.6591083
0.1977738
0.5927803
0.1425638
-0.2386137
-0.494551
-0.2759534
-0.6237119
-0.8387592
-1.077469
-0.9466997
-0.6875542
-0.4875356
-1.070513
-1.269896
-1.250213
-1.224894
-1.369966
-1.774575
-0.6474393
-0.4118541
-0.5254251
-0.08089329
0.0772052
0.6404118
0.4172735
-0.3635706
0.4369202
0.3714564
-0.05065085
-0.2926168
0.2102908
-0.05675143
0.03116013
0.2885721
0.5435806
0.4716024
0.3112173
0.2253812
0.8934929
0.8115957
0.5131903
0.2970092
-0.5232012
-0.6826952
-0.5379101
-0.5242772
-0.184276
-0.3119628
-0.6250262
-0.3102681
-0.1792455
0.3015023
0.1602665
0.5281052
1.909489
2.276755
2.171213
2.16863
1.703442
1.06581
1.249366
2.114818
2.521088
1.677945
1.702509
1.95431
0.4791951
0.556161
0.8139259
0.3432441
0.01432937
-0.0896806
0.1592364
0.2512088
0.6100286
0.1659321
0.3873151
0.04655768
0.7351318
0.8817772
1.144423
1.070411
1.21643
0.7928759
0.1060849
0.1037986
-0.2253485
0.03974304
0.2970909
0.8842766
0.7868465
0.9411635
0.9042438
0.47514
0.3990169
0.07372899
-0.6131532
-0.3388892
0.368583
0.5510324
0.6737534
0.6243184
0.3074758
0.1342482
0.02339692
-0.4231481
-1.151509
-0.3482191
0.3327268
-0.08268962
-0.2664273
-0.4399355
0.5745704
0.9003829
1.300958
0.9996114
0.7227257
0.729164
0.3766635
0.787411
1.11611
1.302845
0.7647598
1.180387
0.4679066
0.9181515
0.1990333
-0.1148516
-0.03693436
-0.1763381
-0.2122034
-0.5465961
-0.310244
-0.550625
-1.012611
-0.9406558
-1.17193
-1.452815
-1.023569
-0.6882336
-0.2646549
-0.097341
0.06284449
-0.1680252
-0.12188
0.4185265
-0.2581927
-0.5066992
-0.3207228
-0.04525119
0.929145
1.169743
0.9112142
0.7423039
0.7803792
0.6827124
0.821759
0.4695502
0.2076931
-0.2245696
0.1061608
0.4466984
0.7433823
0.7844391
0.5948048
0.6876383
0.8571975
1.245194
1.975383
1.328819
0.7958962
0.1175502
0.7433369
0.7504074
0.7997023
0.6328912
0.6625791
0.5840268
0.512717
0.01491814
0.5432962
1.104184
1.192941
0.7634262
0.6070338
0.3195677
-1.518386
-1.237189
-1.330557
-1.576105
-1.568103
-1.783824
-1.356344
-1.044463
0.1719733
-0.4067667
-0.4242441
-0.2487101
0.4913721
0.6210932
0.8019114
0.7660698
0.6612442
0.6771986
0.258167
-0.1582736
0.1597768
1.543243
1.479055
1.224828
0.7759419
0.3913817
0.00591654
-0.1841039
-0.2326467
-0.572795
-1.03233
-1.142674
0.2768175
0.8121074
-0.03994032
-0.4043624
-0.6988791
-0.3530052
-0.2819292
-0.01622151
-0.06513359
0.2890592
0.0183649
-0.2646206
-0.5404859
0.004940349
-0.07550918
-0.4411028
-0.5407586
-0.6461343
-0.5432031
-0.9082751
-1.382927
-1.205261
-1.168497
-1.003547
-0.4624829
-1.136884
-1.614017
-2.035379
-2.15744
-1.821639
-1.418903
-1.127471
-0.9434847
-1.570737
-1.114346
-1.104574
-1.339729
-1.03022
-0.4920201
-0.4245549
0.259023
-0.2271174
-0.3218287
-0.1921053
-0.1693668
-0.1949018
0.06478085
-0.4015433
-0.3446057
-0.232945
-0.4356723
-0.08103506
0.6328714
0.856383
1.290963
1.444731
1.487143
0.9325756
0.3955722
0.1034077
-0.08391383
0.3867356
1.837447
1.436745
1.144669
1.023848
0.8898605
0.8273821
0.6794077
0.9455324
0.7533343
0.8134037
1.017797
0.540262
-0.1556852
0.4088637
-0.2275997
-0.362501
-0.7560268
-0.8312068
-0.6774359
-0.6822714
-0.7778535
-0.5342308
-1.143426
-1.580265
-1.410623
-1.172115
