0.1663185
0.1492638
-0.01373423
0.06623275
-0.01179504
0.3835031
0.1137558
1.081133
0.7206329
1.166454
0.03155603
0.6074125
-0.2517531
-0.1084716
-0.5390666
-0.2679614
-0.2869437
0.2068173
-0.1799525
0.09198478
0.2369716
0.6103612
0.7372996
1.143976
0.3185578
-0.1374281
-0.1334472
-0.3095747
0.02832219
0.4796304
0.1121739
0.6316261
0.5532266
0.01463458
-0.9536042
-0.9263049
-0.2270385
-0.4761849
-0.7276412
-0.3545685
0.02399376
1.17403
1.321139
0.8784925
1.571744
1.181674
0.5915362
0.646648
0.6534926
0.1519809
0.06253976
-0.1782174
-0.2023829
-0.4722687
-1.127085
-1.534002
-2.205956
-2.117978
-1.74065
-0.9688572
-0.8414162
-0.4320647
-0.1021343
-0.1025462
-0.2079138
-0.445172
-0.2887616
-0.4427204
-0.7409792
-0.7244539
-0.8354456
-1.037062
-0.1750075
-0.242464
-0.7219766
-0.5026648
-0.7284296
-0.3553791
-0.6172866
-0.7626319
-1.207898
-0.9485008
-0.6400773
0.05759747
-0.3387684
-0.3661932
-0.11137
-0.2822301
-0.5006078
0.04017175
0.6708004
0.8122478
1.538164
1.423545
1.339492
1.038987
1.087791
1.151015
1.030802
0.7434949
0.1091975
-0.1052881
0.5252076
0.6265467
0.5941036
0.4905012
0.3854757
0.1599609
0.1004673
0.3911313
0.2514858
-0.3690237
-1.493229
-1.763877
-1.612871
-1.587285
-0.6593817
-0.7338359
-1.083136
-0.5124484
-0.7653101
-0.619431
-0.6824801
-0.7915891
-0.7895551
-0.4623577
-0.618516
0.0564241
0.5714321
0.7855137
0.2444244
0.8400782
0.685493
0.2403143
0.1477461
0.564475
0.4222132
-0.2219571
0.0503915
0.3479088
0.4164883
0.1533619
0.304453
0.2562961
0.436191
0.4850233
0.2552231
0.2743592
0.3872864
0.1618084
0.4094526
0.4622267
1.102876
2.118169
3.002
2.876185
2.345077
1.509216
1.411047
1.268627
1.131754
0.7312701
1.278439
0.8219011
0.5423999
0.4766603
0.8664694
0.6253911
-0.104233
0.3677477
0.6472958
0.8409938
0.600987
0.6446015
0.8356632
0.8439518
0.9861743
1.217015
0.7479178
0.08613975
0.382751
0.06855809
0.2656918
-0.1625474
0.1877302
-0.1849338
-0.04663013
0.6354547
0.4851312
1.165086
0.8534484
0.3402683
0.3239173
0.4960192
0.4137726
-0.02241192
-0.135377
-0.4776922
-0.1948493
-1.210975
-0.5453594
-0.9550869
-0.4266756
-0.07593719
-0.4495381
-0.3376093
-0.297033
0.02225251
0.2052047
-0.2856486
0.2494355
0.04951843
-0.2932861
0.1239157
0.1189827
0.1287175
0.3550978
0.5192457
0.7715191
1.408155
1.321485
1.286035
1.288917
1.508019
1.049553
1.085724
1.689492
1.088183
0.4502369
0.2109709
0.2423361
-0.7707141
-1.820207
-2.270883
-2.4892
-2.306584
-2.266531
-2.835313
-2.434524
-3.098533
-2.410242
-2.42627
-2.186026
-1.80074
-1.320956
-1.512959
-1.509624
-1.432757
-1.425963
-1.199589
-1.790436
-2.206252
-2.262685
-2.29338
-1.994535
-1.583825
-1.498411
-1.148408
-0.635337
-0.7768738
-0.2314817
-0.3451759
-0.7996559
-0.8982683
-0.8898913
-1.497285
-1.297374
-1.078936
-0.637876
-1.123069
-0.4162855
-0.9878743
-0.9315178
-0.7539741
-0.7284266
-1.023433
0.3606221
0.3488088
0.05559952
-0.1048508
-0.01479927
0.787055
0.678516
1.087862
1.17212
1.525942
2.151873
2.063987
1.693344
1.428675
1.265505
0.5499549
-0.272329
0.4525062
0.4303957
0.1289673
0.2265778
0.7036212
0.3993644
0.109467
0.4733337
0.793855
0.4648742
0.3537608
0.6307533
0.8279499
0.5715276
0.7172973
0.3882749
0.5315865
0.7036192
1.115219
1.074254
1.039615
1.369983
1.097001
1.149231
0.6248714
-0.04967242
-0.3612675
-0.6298405
-0.4644536
-0.2425183
0.5235944
0.05863129
-0.1724611
-0.6500034
-0.915881
-0.8713418
-0.9286514
-0.6712835
-0.5761107
-0.3075244
0.4797989
0.4247909
0.2877675
0.1891445
0.1465243
-0.1737881
0.0281524
-0.1049399
-0.1397818
-0.9664457
-1.705731
-1.792053
-2.52995
-1.587037
-0.8915046
-0.9548957
-0.8098473
0.1409771
-0.1375251
0.6758661
0.6754843
0.1645003
-0.4468184
-0.2520853
-0.7795865
-0.4246534
-0.02557222
0.297055
-0.1953404
-0.5367659
-0.08369701
0.8853405
1.384754
1.835365
1.926867
1.309806
1.380854
1.430989
1.682913
1.497355
1.221552
1.126412
0.5048934
-0.1021902
-0.8162032
-1.086121
-0.9577551
-1.425909
-1.443203
-1.523801
-1.91805
-1.724191
-0.9686852
-0.9698476
-0.5034358
-0.2234958
-0.4226319
-0.4905856
-0.8761217
-0.2762582
-1.132637
-1.680234
-1.548338
-1.350355
-0.9975055
-1.094657
-0.9251207
-0.7887627
-0.708197
-1.015635
-0.1551953
-0.1594998
0.3308195
0.05176954
-0.9779906
-1.000535
-0.5544194
-0.08476438
0.3285145
0.6333877
0.6796278
0.3709472
0.7000739
0.3160892
-0.1765403
0.6316124
0.9060935
1.11905
1.104252
1.530175
1.528143
1.76693
1.331255
1.429944
1.544554
1.143173
0.8826879
1.019966
0.9745227
0.9425903
1.380196
1.527742
1.495885
1.302603
1.547442
2.273703
1.60928
1.057899
0.8028581
1.231111
1.240499
1.334893
1.359883
0.7816588
0.7003534
0.2601017
-0.5825763
-1.330604
-1.128182
-0.3675677
-1.16059
-1.804408
-1.889489
-1.808188
-1.33631
-0.8067221
-0.3034784
0.1330781
0.3786305
-0.008451464
0.1862209
-0.1823428
-0.8588721
-1.285181
-1.601416
-1.059489
-0.8105109
-0.8116699
-0.3465403
0.08145357
0.6056544
0.7682732
0.573477
0.0416281
0.6800802
1.243819
1.068727
