-1.202737
-0.8884584
-0.09456066
0.4046222
-0.9169291
-1.281355
0.3156561
1.642348
-0.2578754
0.822319
0.4855771
0.4096651
1.010553
1.925551
1.267917
-0.04422056
0.1420745
1.473335
-0.5389685
-1.215738
0.4062381
0.1105738
0.458183
1.454083
-1.043645
-1.07437
-0.5499282
-0.3192511
0.6812533
0.4619645
0.9073093
0.08853657
-1.417169
-1.33157
0.2247759
-0.7203349
-0.4634472
0.1724485
1.317991
1.927826
0.837293
1.003532
-0.4095096
-1.606322
-0.1487716
0.292134
-1.094658
0.4267318
1.414962
0.7598063
-0.3110106
0.1732164
-0.02691324
0.9725539
1.774942
0.1938459
1.226321
1.333971
2.421344
1.039051
-1.06733
-0.3739825
-0.5246214
-1.528309
-1.303749
-2.862783
-1.000305
0.1012284
0.7544526
-1.40869
-2.445051
-0.4224793
0.223213
0.1500709
-0.8858804
0.3053203
0.718803
0.5844744
0.4623287
-0.9997653
-0.3543615
0.1769511
-0.5495496
-0.6795601
0.4137957
1.801646
1.05042
-0.1368152
-0.2746947
2.437999
-0.2453222
1.211314
0.3257187
0.7340737
0.3062159
0.1115287
0.365857
0.5737181
0.9161379
-1.293209
-0.7700326
-0.5548891
-0.4522466
-0.6350225
-1.369105
-0.4266328
1.102684
-0.6446015
-1.553096
-0.3699682
-0.6626382
-1.133413
-2.37635
-1.596001
-1.384573
-2.57669
-0.865048
-0.4552908
-0.7805776
-0.3902695
0.4934282
0.0718797
-0.2413708
-0.4664945
1.583313
-0.4035355
1.380005
2.299793
2.315576
1.487019
0.506615
-0.127003
-0.7362783
-1.210362
-0.7082095
-0.1739522
-0.0008843904
2.1796
1.60006
0.4982464
-0.5547245
0.3917418
0.9547098
-0.6769577
-0.3328615
-0.1907732
1.615436
0.3857363
-0.723474
-0.4236817
-1.117068
0.1788852
0.5503921
-0.1078055
-0.2442536
0.495673
1.233708
-0.6702222
-2.411528
-0.3638593
-0.2818922
1.123069
-1.817929
-1.029032
1.275898
0.9642855
1.190766
0.4175729
-0.354906
0.01261827
-0.0363162
0.491368
0.2842638
-1.548872
0.114178
-0.6189987
-0.8573318
-1.007698
0.08117615
-0.2006338
-0.290858
0.1842543
-0.5009821
-1.173501
0.4620412
0.5646532
-0.01321266
-1.453987
-0.09650952
-0.2806089
-0.6685315
-1.043197
-0.649373
-0.3396668
-0.7726523
1.70001
-0.1663603
-0.6275598
-0.4690011
-1.038619
-0.3868034
0.2209798
-0.9904496
-0.2445351
1.176831
0.7271395
0.7116687
0.108774
-0.8585049
0.07873014
1.154036
-0.1781402
2.134691
0.5683169
0.8871983
-0.08641588
1.423279
0.08855337
0.3851509
1.375131
0.3708904
-0.1695818
0.09586848
0.9276232
-0.5987281
-1.052794
-1.891781
0.01836372
0.4987886
0.7320159
0.06721658
0.9182972
0.9566368
-0.2583019
0.9631987
-0.9209619
0.5006081
1.202023
1.13876
1.035869
1.226941
1.514692
1.623569
1.173189
1.391889
0.7174191
1.498474
0.4566834
1.095315
0.4466031
1.568101
1.015747
-0.9189792
-1.505746
-1.2479
-1.584678
-0.8874195
-0.9112606
0.05046863
-2.214686
-0.8583265
-1.152376
-1.833548
-1.117252
-0.2232529
-0.3626091
0.6780174
-0.4409142
0.8650635
-0.2982471
-0.8524894
1.563102
0.4018089
1.234816
0.9961488
1.044715
0.423129
0.04969415
-1.822131
-1.367139
-2.291943
-1.726855
0.238667
-1.221858
-2.180708
-0.3470815
-0.1390838
-0.954484
-0.04323646
0.5077882
0.7265223
-0.7317803
-1.122629
0.5949118
-0.1071969
2.246665
0.5071537
1.226722
-0.5775143
0.05033516
0.6482918
-1.17748
-0.7250124
-0.3591023
-0.5202138
-0.9848805
0.6016227
0.2575256
-1.043568
-1.179065
-0.1100812
-0.9097834
-0.5282081
0.3809612
0.3541497
-0.409068
0.7843795
0.6819588
-0.4371397
0.6241864
-0.3825373
0.7992485
-0.1423161
0.2210419
-0.7745841
-0.0510284
0.2813754
2.063764
1.944906
-0.8216176
-0.6662502
-1.451845
-1.03498
-0.6029151
-1.432884
0.9019958
-0.787836
-0.2909731
-0.7802928
-1.110645
-0.4355706
-1.114005
0.06880473
-0.8366724
-0.5752823
-0.3929609
-0.5065049
0.25406
0.2896739
1.005265
0.4177664
0.6149825
2.239722
-0.04169361
1.606712
0.9595407
1.510192
-0.1654007
0.8403401
0.8968658
0.1558106
-1.110621
0.09905584
-0.1168058
1.609446
0.4440431
-1.620176
1.280724
1.074975
0.3723665
-1.125344
-0.461591
2.209341
0.2714937
-0.06509043
0.1375363
2.37811
1.09364
0.5292361
1.256513
-0.2814364
2.486936
2.042043
0.9871937
-0.9258104
-1.179585
-1.150201
-0.9787422
-1.177937
-0.9688246
-3.038134
-2.254702
-1.400072
-0.3712303
-1.456275
-0.8469623
-1.45321
0.2763852
-0.7106152
-0.6158242
-0.4651302
-0.4508671
0.08127429
0.9056756
-1.541929
-2.219506
-0.8086353
-2.120353
-0.1224938
-0.9029679
-0.8137964
0.3025193
-1.589172
0.8339335
-0.9172532
1.595537
-0.04652937
-0.8912682
0.7138797
0.003051982
-0.7609333
0.1158801
0.6972481
1.823842
-0.5606443
0.8873544
0.4031016
-1.531719
-0.8900411
-0.4641266
-0.2402077
0.3056091
1.083383
0.4169164
1.631132
0.05304219
0.005870786
-0.7890418
0.7150254
1.508539
0.2823659
-1.684298
-0.3195593
0.4141723
-0.5101426
-0.4117953
0.4257078
0.1299376
0.2055589
0.143878
-0.1673304
-0.1597046
1.227498
1.190606
0.4966793
-0.2433419
0.02298482
0.5892611
-0.5478698
0.1520976
-0.3764311
1.477347
1.07706
1.202719
1.455959
0.2609138
0.2450498
0.5744276
0.2268953
-0.3821554
1.165692
0.01369966
-0.3910274
0.06069256
-0.3662723
1.000512
0.1895823
-0.6519604
0.8635114
0.01536875
