-1.454372
-1.001961
-0.478293
-0.4162439
0.8147349
0.7690439
0.6939079
0.5106563
0.7485285
-0.2589115
-0.2974033
2.655461
-1.108338
-0.5325878
-2.446579
-1.656945
-0.8815624
-0.762886
0.2083249
0.4646984
-0.2751786
-0.4854042
-2.020182
0.2739418
3.764828
1.224002
0.2426165
0.9832855
0.7466013
0.582804
0.3601753
0.5892798
0.2767291
0.6602672
1.451264
1.29103
-2.048224
1.274409
-1.767979
0.5916334
-0.5525538
-0.3849588
0.4989997
0.2222672
0.3862114
-1.104698
-2.741416
-0.5053502
1.294268
0.09057675
0.7956899
-0.9743566
-0.1971834
-0.2476171
-0.09726617
0.8229316
0.9794608
-0.2262654
2.069287
0.6910618
2.178981
0.05619477
0.003462759
-0.1607634
1.026786
0.2340446
0.6399286
-0.1211025
0.06532586
-0.05338503
-0.5475401
-0.7251472
-2.243583
-0.5398073
-1.434207
-0.08943925
-0.4254664
0.1810667
-0.468789
-0.249448
0.1283648
-0.07021073
0.6814554
0.06393066
-1.039306
0.4940336
-0.7006769
-0.5003548
-0.6534734
-0.1013624
0.02759344
-0.1870261
-0.2677152
0.1226242
-0.07038848
-0.8897676
-0.5641335
0.5972288
-0.376619
-0.2978452
-0.4941644
-0.3559056
0.1540689
0.2338422
0.1177623
-0.04035109
-0.7929916
-0.2802608
-0.6276307
-0.8276696
-0.6990683
-0.76474
-0.2323241
0.3382998
0.1882378
-0.3428609
0.5440269
0.3035292
0.3545919
2.10923
0.4235003
2.535048
1.863175
-0.5161572
0.1082259
-0.2627391
-0.2354081
-0.0808841
0.1016729
-0.2629929
-0.4388504
1.606648
-2.090974
-0.6949592
3.000718
0.610715
0.7581552
0.1029671
-0.6095659
-0.1903338
-0.5085726
-0.08345132
-1.279693
-1.159767
0.4449451
-1.551848
-2.053629
-0.3247158
-0.3525643
-0.5911183
1.04994
0.755837
0.1327271
-0.5499429
0.2234755
0.05983447
0.1631888
0.7666397
0.00461681
-0.783658
0.2069118
-0.3274491
-0.2146968
-0.4049219
-0.6401621
-0.683494
-1.947478
0.04552153
1.405377
1.329005
0.5685744
-0.4318037
0.2285599
0.1479541
0.1309462
-0.1795066
0.06608655
-0.4664622
-0.8622927
-1.829662
-2.030198
-0.3399706
0.5081786
-0.3084113
0.4058933
0.2327503
0.4384662
0.23136
1.004013
1.60888
0.1088421
-0.2901551
1.491472
3.693455
0.5100164
0.26396
-0.249528
0.7031899
0.08960053
0.6987041
0.5028054
1.109295
1.76703
1.448963
0.5338341
1.85291
0.3677473
0.4802969
0.3178093
-0.211481
0.3425695
-0.02913197
-0.3958931
0.3488804
1.324389
-0.6208928
1.366767
1.636052
1.163273
2.441569
0.6616532
0.7185693
0.7827128
0.7854608
0.6824105
2.064623
0.2332779
0.07729588
-0.7275468
-0.3967912
-0.8093337
-1.322721
-1.459906
-0.09597186
-0.2608587
-0.04001359
-1.13671
-2.084311
-2.199425
-1.347576
-0.2845392
-0.08156615
-2.861072
-0.8717845
-0.4554343
-0.5004384
-0.1220178
-0.6447843
-0.644596
-0.6092501
-0.6989119
1.233347
-0.691723
0.8282763
-0.7058706
0.4721403
-0.3234902
-0.6139508
-0.9177086
-0.4662018
-0.8090426
-1.707607
-1.787732
-2.349867
-0.2151046
-0.6349309
0.1520966
-0.2529403
0.6703137
0.4455737
1.231952
0.1139626
-0.5917256
0.138821
2.696008
1.206663
-0.04789147
0.2200959
1.526673
-0.140168
-0.1990526
0.4104832
-0.2019159
0.05061662
-0.5118192
-0.2766105
0.4932
-1.312578
-0.3016908
-0.9160501
0.7867849
-0.3484876
-0.6268933
-0.8391212
-0.02930186
-0.2961928
0.1201923
0.1845586
-1.190058
0.9950351
0.06357524
-0.705959
-0.3315948
-0.2275128
-0.7029494
-0.8107633
-0.5495278
-0.3418393
0.3927661
-0.8394572
1.686206
-1.205395
0.5270649
-0.7583375
-0.2383658
0.5378708
0.3206864
-0.06296992
-0.3059233
-0.9169487
0.3025443
0.2245259
1.40691
0.5369192
-1.069978
-0.1661945
-0.8193933
-1.780889
-0.2469591
0.01979285
-0.1313957
0.0004252727
0.1841072
-0.7029749
0.5693261
0.9205716
1.226865
-2.912528
-0.6545947
1.306428
-0.173537
-0.2993332
-0.9637064
-0.3237236
-0.4363992
0.1111248
-0.2582844
-0.5877443
-0.1800861
0.6506136
1.765559
-0.7878338
0.3101221
0.02303676
-0.5356333
0.09022856
-0.5745938
0.9950395
0.1719858
-1.189034
1.081037
-2.65678
-0.8170499
0.4542518
-0.4148867
0.1433735
-0.258814
-0.4689788
0.3550013
0.6308277
-0.7109766
-1.381731
0.2188918
-0.8301321
-0.1739663
0.05638998
1.054379
0.443646
0.7381436
0.2186098
-0.1088104
0.201477
1.692602
-0.4187267
1.147494
-1.292581
1.994416
1.491209
0.4005443
0.08055741
0.8655784
0.4626296
-0.218558
0.8552168
-0.1932592
0.49397
1.057141
0.5461113
-0.7397339
0.6588987
1.049014
0.6757646
0.3975803
-0.2580705
0.5246574
0.4543105
1.172945
-0.2026403
-1.990171
-2.434834
-2.230828
0.05352142
0.9955826
0.01647274
-0.4533422
-0.4065126
-0.6508719
-0.4823691
0.9084908
1.16167
-2.374381
-0.6856023
1.515412
1.394528
0.5735754
0.1003696
-0.1100354
0.3403031
0.1295612
-0.02475878
-0.7647914
-0.1095766
1.156489
1.881411
1.599332
0.3238037
-0.1132478
0.3994029
0.334969
0.3842689
0.6012226
0.5806434
1.257243
1.120345
2.99189
1.299006
2.002112
1.367593
0.4271599
0.6633315
0.08753256
0.2015858
1.189587
0.6898737
0.8296929
0.1676079
0.5138972
0.8393049
3.394776
0.7327317
-0.6695616
-0.2214236
-1.019399
0.03026619
-0.3757568
-0.6609524
-0.6061785
-0.6181501
-1.702923
-1.64268
-3.259613
-1.1444
-1.579875
-0.7190154
-1.798488
-1.330127
-1.508144
0.2240022
-1.903821
-1.395031
