1.089472
0.610319
0.8550549
0.3636914
-0.316216
0.4751739
-0.6924622
-0.5346523
-0.6964366
0.1815212
-0.1623262
0.1975524
0.1326255
0.345325
0.04980851
-0.05849126
-0.4669621
-0.6287009
-1.361006
-0.3626323
0.07171581
0.01638396
0.1735354
-0.2468779
0.7815694
1.033888
0.9170214
1.149572
0.9875606
1.236154
0.05673113
-0.4569445
0.3136667
0.8330622
0.4005153
-0.2659546
-0.6549427
0.333793
0.442155
0.6914613
0.3997875
1.524511
1.650746
0.8525925
0.5993118
1.334016
1.461927
0.6572376
-0.6409013
-2.092751
-2.192126
-1.966415
-1.409713
-1.596601
-2.092415
-2.347338
-1.523132
-1.624694
-2.451364
-2.017779
-1.24323
-1.077504
-1.042245
-0.9724631
-1.806043
-2.043913
-1.238978
-1.790218
-1.737837
-0.7970974
-0.03261688
-0.3701419
-0.1349835
0.2088484
0.05365983
0.2288373
0.02592507
0.3424157
0.6665637
0.5359641
0.5524325
0.5746241
0.9618776
1.739296
2.302033
1.996529
2.175375
2.051389
1.993315
1.170477
0.894198
1.696056
0.9367607
1.381549
1.65367
1.515457
1.111885
1.115188
0.6057929
0.5016991
0.8246409
0.5514833
0.5159278
0.1025304
1.8084
1.825965
1.393876
0.9687564
1.379976
1.383751
1.063202
0.6175616
0.5013552
-0.1715449
0.285985
1.236468
1.263333
0.8492903
0.7487924
0.5521467
0.4639326
1.245262
1.943701
1.919917
1.233916
0.3576151
-0.1104801
-0.004989291
0.3771114
0.6229394
0.9292396
1.797138
1.668219
1.791698
1.817863
1.191538
0.2390784
-0.1242953
-0.07555766
0.1235642
-0.4403917
-0.2586471
0.03463436
0.0473127
-0.6289738
-0.6548921
-1.145746
-1.401216
-2.360341
-2.49713
-1.74872
-1.25322
-1.040564
-1.056611
-1.513904
-1.810357
-1.668958
-1.912768
-1.990083
-2.195366
-1.473839
-1.998676
-1.325395
-0.3415088
-0.6625407
-1.201236
-1.463972
-1.014751
0.05517783
0.04799818
0.4529259
0.3153466
0.5180941
0.3430954
-0.6000862
-0.4821883
0.3297248
0.561993
0.4748754
0.2329068
-0.5167512
-0.2188962
-0.02335124
-0.008812296
0.3998343
0.2539017
1.440531
1.492394
0.3420385
-0.496263
-0.4153372
-0.2287735
-0.425916
0.06646975
-0.2928498
-1.473027
-1.986784
-1.794588
-1.563449
-1.515898
-1.858765
-1.519664
-1.509621
-0.5916436
0.7505476
0.597696
0.5010436
0.2983587
0.9551677
0.8427711
-0.2457961
-0.04855718
-0.3855936
-0.6674727
-0.4577429
-0.2325643
-0.4375887
-0.005822038
0.2056641
-0.2151539
-0.1791803
0.3114176
-0.09039133
0.4430685
0.3349425
-0.4489106
-0.2129385
-0.2509935
1.828101
1.051176
0.3265564
-0.1186255
-0.525031
-1.375492
-2.121488
-2.008561
-0.9743579
-1.846977
-1.56416
-0.9303144
-1.167856
-1.458351
-1.578303
-1.56323
-0.8610182
-1.136948
-0.8294685
-1.346908
-0.8001436
-0.4823598
-0.5511096
-1.145959
-0.22567
-0.1823236
-0.2675448
-0.02174232
0.4686173
0.798929
0.4834502
0.4968908
0.4135899
0.3897095
-0.132386
0.7836853
-0.03523453
-0.223275
-0.2178103
-0.4257937
-0.5096523
-0.8721521
-0.2101889
-0.3848705
-0.5856512
0.5359225
-0.1484712
-0.4621034
-0.633715
0.3371993
0.1677562
0.5184111
0.5104691
0.9766959
0.2648635
-0.2111641
0.4384331
0.6787751
0.887744
0.7729109
0.8931226
0.5539132
0.5981219
1.019198
1.325614
2.283881
2.425908
2.170125
1.265631
0.6016778
0.7996189
0.3973876
-0.9402938
-0.838601
-0.6514635
-0.5926568
-0.3189483
0.2782536
0.472355
0.8251804
0.3796305
-0.07456738
-0.6031075
-0.4577833
0.4069842
-0.5034612
-0.747743
-0.2236053
0.06694693
-0.2212964
-0.2673406
-1.223304
-1.553802
-0.8647566
-0.118994
-0.7010687
-0.3121684
-0.2136425
-0.04671652
0.1676857
0.559253
0.7362763
1.447854
0.9712201
1.238102
2.049692
1.548387
1.429121
0.9428744
0.4580542
0.5664471
0.2102113
0.6220315
0.850185
0.7456718
0.378546
-0.5427352
-0.8289577
-1.445542
-0.7592558
-0.2987884
-0.2935044
0.3043528
0.53076
0.8452162
0.6335236
1.24938
0.9807134
0.6689379
-0.1201474
-0.2179894
-0.7229039
-2.031362
-1.248702
-1.039919
-0.7021277
0.1235967
0.740953
1.154908
1.440729
0.9465942
-0.141299
-0.03550524
0.01337539
0.4925886
-0.1534795
-0.2094519
-0.03609077
-0.8412219
-0.8462784
-0.3065179
-1.216145
-1.354945
-1.11655
-0.8401531
-0.7709077
-0.4542161
0.03796865
0.07736503
0.5847398
0.6866305
0.1867217
0.298496
-0.1289175
0.7502366
0.4259304
0.70325
0.8803609
-0.3099694
-0.9440899
-1.062535
-1.330313
-1.127905
-0.8591365
-0.7107007
-0.2727582
-0.8212242
-0.77303
-0.5982838
-0.8665233
-1.474917
-1.605871
-1.219402
-0.6690368
-0.7532983
-1.175527
-1.088648
-0.7830392
-1.31412
-0.8850113
-0.2398333
-0.4623558
0.01404489
0.1749238
0.1399863
0.332398
0.1426389
0.1147988
-0.2078864
-0.4538496
0.589987
1.061718
1.211138
1.038722
1.276791
0.9601811
1.095965
1.252147
1.331195
1.364767
2.460148
2.443317
2.383321
1.849881
1.827506
1.472548
1.307563
1.205681
0.8341069
0.6627457
-0.1819811
-0.1818994
-0.2642249
-0.1135751
0.291494
0.04711926
-0.6450895
-0.4554513
-0.6427695
-0.5329124
-0.07386898
-0.02145883
0.4517758
1.124829
0.6202347
0.659321
-0.08911829
-0.4161979
-0.3498991
-0.6019443
-1.478704
-0.9557651
-1.044939
-0.3645859
0.05587288
0.07538052
-0.02982682
0.2851526
-0.161807
-0.5461705
0.05458716
0.3282062
