-1.308834
-0.2828035
0.4800754
-0.4883905
0.3743213
0.4859155
0.3267758
0.0001542756
1.161262
-0.7272401
0.4562263
0.8610508
-1.988869
-1.561144
-2.458535
-0.5224343
-1.089158
-0.3577414
-0.455852
-0.5356075
-0.4361524
-0.4083502
-0.1948889
0.8563231
1.75097
-0.02359429
0.9514272
0.9470906
0.3851597
0.4437851
0.6476015
0.3349517
0.03522167
0.6610048
0.8237428
0.144427
-0.8538358
-0.8242604
-0.6990237
0.2129139
-0.8249785
-0.8214226
-0.6304791
-0.2139369
-0.3169308
-1.170819
0.755695
1.176428
1.866667
-0.5058903
0.2435437
-0.8189084
-0.8244691
-0.7024108
-0.5353482
-0.01192643
-0.4013438
0.9238092
0.2883562
-0.3246232
1.953686
-0.5399659
-0.7685819
0.4378574
1.196154
1.515687
1.410454
1.307882
1.242048
1.457901
0.1448378
-0.8410869
-1.01814
-2.124072
-1.083386
1.138522
-0.4128704
0.4054939
-0.08465026
0.3381536
0.46593
0.7772806
-0.7577527
-0.08577572
0.1138955
-2.72129
0.07153918
-0.8283989
0.08518847
-0.5417033
0.2273048
-0.6648633
0.2881893
0.9456751
0.3633406
-0.005903383
-1.341741
0.1290138
-2.016859
0.07847436
0.1208664
-0.1720818
0.2474093
0.009729257
0.4368995
-1.782697
-0.706099
0.280037
0.28932
-0.4234993
0.3595548
0.4827122
-0.00279108
0.5096288
0.5624077
0.9591035
1.247469
0.3219843
1.245503
1.854535
1.261392
1.803268
0.4449218
-1.317794
-0.2410979
-0.809489
-0.515871
0.2207636
-0.3507103
0.4127698
-0.7259164
0.2133649
-0.1133564
2.275639
2.103876
0.2194875
0.07358449
-0.4985597
-0.7494234
-0.5138123
-0.2195693
0.005074438
-0.1097554
-0.2966837
0.5148864
-1.46681
-1.941657
-0.4191656
0.2048474
-0.1223078
0.04833704
0.03390793
0.8852066
-0.7238479
0.6492926
0.605785
1.164352
1.238911
0.7039152
-0.367699
-0.1756809
-0.5678475
-0.03405309
0.275132
-1.598084
0.1850849
0.3577391
0.2795126
3.050351
0.9503011
0.5716449
0.1898811
-0.4973158
0.4530048
0.442017
0.111893
-0.006412317
-0.1715454
-2.560236
1.134968
1.032376
-1.45258
1.695304
0.3807406
0.0566835
1.375905
-0.04318525
0.2421912
0.06846073
0.3357516
0.7300149
0.5477112
0.9221043
3.264528
1.145795
0.1748899
-0.1386363
0.3115987
0.7679452
0.8138124
0.1666854
0.8574435
0.3899506
-0.9939207
-3.241802
-0.7124994
-3.141838
-1.22624
-0.5490056
-0.08127636
0.3155349
-1.074854
-0.9328097
0.1654472
0.2225157
-1.440558
-0.4622587
1.814721
0.243337
0.2922443
-0.9837302
-1.111074
-1.320613
-1.472443
-0.3070857
-0.05719234
-1.996498
-1.496989
-1.354294
0.6401637
-0.933477
-0.9997237
-0.571165
-1.145166
-0.2771839
-0.2645871
-1.461652
0.05568995
-2.125675
-0.4622458
-1.233852
0.6278347
-2.258133
-0.6607338
-1.051428
-1.079235
-0.961383
-1.057505
-1.266178
-0.7375536
-0.9387438
0.6326766
1.939366
2.943317
2.153554
0.5702934
1.37626
0.9129576
0.5574117
1.158658
0.5277969
-0.09296036
-0.3801496
0.01437705
-0.7637247
-0.1967622
-0.04627107
0.2718928
0.8182408
0.1671885
0.1256579
0.1737045
-0.6115542
0.4804277
1.276931
-1.599183
1.632377
3.255801
1.435449
-0.7638403
0.5040197
0.7018921
0.04700373
0.09816327
-0.06604406
-0.0214301
-0.6042354
-2.366425
0.8668199
-0.8790754
-0.07824379
-1.421024
0.2592311
-0.1187952
-0.6195306
-0.455216
-0.1225399
0.04020549
-1.141683
0.6426221
0.113198
0.9274284
-0.3365535
-0.143197
0.6278752
0.5668877
-0.007229493
-0.1168794
0.9244165
0.3431312
1.459706
1.462705
0.9811771
-0.8011429
0.06996743
0.2464059
0.5011951
0.2838231
0.3807526
0.2692659
0.8071657
-0.4508022
0.450942
-0.8451313
-2.79336
-1.032052
-0.9728878
-0.6072206
-0.6017125
-0.4236979
-0.6330985
-0.3599865
0.1094917
-0.8317628
0.3076517
1.328289
2.947308
-0.6468045
0.3684358
1.028664
1.226761
0.2115985
0.8425653
0.3826357
0.5109922
-0.4355933
0.7856322
-0.07311233
-0.7475063
0.5346224
1.203697
-0.6032434
-0.813122
-0.1110547
-0.2876969
0.2964376
-0.9257029
0.7526763
0.5752696
-1.344493
-0.03349569
-0.9930128
0.2335699
-0.09846593
0.06139315
-0.8548513
0.02454694
-0.5430642
0.7632374
-0.4190271
-0.1571178
-2.108804
-3.092145
-2.374162
-0.293624
-1.113372
-0.9051704
-0.6476826
-0.8838855
-0.5923315
-1.192061
-0.6692735
-0.6287289
-2.263493
0.5920329
0.8435069
2.014184
2.379001
1.512515
1.432189
1.433039
1.310917
1.951681
2.029772
1.643749
2.956155
-0.533799
-0.3160559
1.196847
1.448187
0.8540297
0.6221126
0.8085484
0.4190781
1.630537
0.6085883
0.7888504
-1.529915
0.2840321
-0.6983588
-1.513487
0.374451
0.3667011
-0.2765649
-0.01312144
-0.0130801
-0.1766415
0.5823848
1.648532
1.249348
-1.396786
-0.07448748
1.170206
0.4295377
-0.1156681
-0.2973529
-0.5087401
0.4124601
-0.2932518
-0.7013985
-1.314624
1.111549
0.5412059
0.5662494
-0.8192258
0.3659256
-0.1209833
-0.5161176
-0.4421882
-1.723792
-1.779482
-1.407096
0.6237372
0.3852066
-0.5391703
1.265527
0.4489284
0.3350037
-0.02129048
-0.140421
0.2646951
0.1196275
0.1195326
-2.208446
-0.4773428
0.4910155
-0.2075235
-0.404366
0.4859899
0.1559081
-0.497494
0.3278072
-0.09163772
-0.2414483
-1.453031
0.1757033
-0.04710131
0.3954022
-0.540664
-1.820706
-0.2713118
0.3555115
-0.09693329
0.6927836
-0.4068452
0.4977686
0.4591445
0.7379496
-1.329882
-0.7987732
