3.808249
3.587892
1.123768
0.6055293
1.413498
0.7091389
0.4919544
0.9604442
0.4410052
0.2516744
0.004275826
0.1661742
0.8686749
-0.188019
-0.2396649
-2.201528
-1.036319
-0.4812607
-0.3926842
-0.2016646
-0.3636954
-1.163286
-1.773583
0.4398012
0.4893699
0.475174
0.5635873
1.4729
0.8636963
1.161646
0.3707978
0.3448126
0.4405352
0.6504332
-0.2970191
0.8494436
1.973428
2.326854
0.2361652
-0.07310688
-0.5845259
0.0141922
0.02712499
0.1633029
-0.03309536
-0.3322021
-0.4939948
-0.01659624
-0.1575693
-0.2947356
0.1102331
-0.4396472
0.2875505
-0.1407766
-0.1545186
-0.3083057
-0.1459287
-1.332146
-1.363648
3.17779
0.3940831
-3.184194
0.01194134
-1.013132
0.2506852
0.1792125
-0.2137211
-0.283825
0.499615
0.4519475
0.3322256
0.108793
0.5499578
0.8074464
-2.119665
-1.653247
-1.169206
-0.22871
-0.06265698
-0.04151866
-0.3744858
-1.156277
1.970079
0.8197766
-1.292925
1.166388
-1.120054
0.03714745
-0.3871606
-0.157032
-0.5149363
-0.4219778
-0.2048277
-1.256317
0.6818083
-0.6724821
-0.0002927851
-1.406404
0.5673534
-0.7569962
-0.01557209
0.2628274
0.5683641
0.7147901
-0.5016356
0.4422972
-1.223814
-1.308359
0.7753847
-0.4095489
-1.372574
-0.2511312
-0.5103958
-0.7412315
-0.03106276
-0.5262892
-0.07624903
-0.1031867
-1.311167
-0.4565574
-1.695439
3.11237
1.836133
0.2656549
-0.1404079
0.5028269
-0.003606546
0.1802309
0.6164517
0.02812257
-0.3929386
1.300189
-1.460626
-2.517421
-0.08191118
0.8186952
0.6641787
-0.1007455
-0.1062743
-0.08907293
-0.8861989
-0.2296881
-0.2854983
-0.09021674
-0.0605359
-1.741342
-1.033084
-0.4273922
0.04319331
0.4096955
0.398611
0.3278408
-0.2283328
0.8942729
1.113495
-1.176082
-1.435815
-0.3873746
-1.631639
0.1063011
-0.4450696
-0.06293429
0.2455592
-0.2781531
-0.4520797
-0.4459583
-1.103989
-0.3514417
-0.8581595
1.566675
-0.6121174
0.1615945
-0.07280032
0.4688055
0.7898319
-0.08539807
-0.08959099
-0.190301
-0.6983725
-1.969097
1.462709
3.228996
-1.941588
-0.238565
0.07760546
0.5081236
0.309696
0.1026577
0.1180969
-0.1583728
-0.7374111
-1.569676
-0.1055465
0.9558532
0.4621
0.3862227
0.5300301
-0.0466777
0.5608323
0.6059066
0.5593646
-0.001946868
2.606064
1.199638
3.085306
0.5939156
2.312567
0.5364387
1.113296
0.2142585
0.1119791
0.3299429
-0.07291171
0.07445117
1.616867
2.159903
1.50721
0.9708118
1.907694
1.749443
0.9731589
0.885911
0.5099199
0.6463353
0.3467593
0.9890302
0.5359924
-1.176388
-0.4605
-2.3147
-0.5691174
-0.999047
-1.590875
-0.4362385
-0.486913
-1.134555
-0.6884167
-1.231463
-0.8187483
-0.2754645
-0.9311314
-2.589876
-1.987082
-1.577058
-0.553062
-0.4467154
-0.4595897
-0.5665836
-0.3690867
-0.6388986
-1.719286
-2.835347
-1.786686
-0.5714908
-1.000337
0.2420715
-0.5528461
-0.07145717
-0.3267134
-0.6794611
-0.4013669
-1.221555
-1.285598
1.337642
-1.212546
1.202277
0.3576597
0.5593603
0.03530173
0.3317898
0.4110377
-0.1324826
-0.3545618
-0.3635829
0.1495508
-0.7496603
-0.8940981
-1.95184
3.010723
0.9047292
0.9629737
-0.01654425
-0.2842565
0.05585572
0.3214556
0.6718555
0.07089765
-0.06804857
0.5134646
-0.2690535
1.095946
0.3414806
-0.08355421
-0.3341601
-0.07241274
-0.4854146
0.4877701
0.4940142
0.2016481
-0.4244299
2.001607
-0.5910341
0.2315999
0.5066817
0.8654721
0.6427516
0.4093356
1.064687
0.5391468
0.3602848
-0.04069823
-0.54616
0.2945247
-1.430501
0.1494561
-0.7735748
0.1353326
-0.07966647
0.09384837
0.2401624
-0.1764409
0.408756
-0.2555276
-1.190352
-2.177385
0.02013206
0.2339079
-1.8977
-0.3068296
-0.4565859
-0.4950501
-0.06297503
0.2676134
0.6136398
1.965439
-1.32772
-1.801653
0.9312425
-0.9106129
0.1948525
-0.4532592
-0.3209855
-0.3093299
0.2032272
0.1364691
-0.3386656
0.1492961
0.3216286
-1.538066
-0.9947386
-0.1474665
-0.09353358
-0.1274798
-0.4790916
-0.355826
-0.1935767
0.09403027
-0.3687373
-0.5303792
1.579902
-0.4325434
-1.077812
0.155387
-0.2439099
0.6154802
-0.02275481
-0.06621189
-0.06525013
-0.5357082
0.6831914
-1.538703
1.298061
-0.2795096
-0.4234824
-1.384407
-0.9387149
0.5272267
0.1055317
0.3582331
0.09555086
0.9523808
0.06628429
0.7472547
1.653277
0.8755012
-0.1367394
1.774262
0.3459238
-0.2918169
-0.1564204
0.09676567
-0.1575244
-0.2062247
-0.2167291
-0.795779
-1.946678
-1.377133
-1.767899
-2.01654
0.1734388
0.06846915
0.02910356
-0.5428084
-0.2155581
-0.5441387
1.396126
1.569162
0.3091203
-0.2315832
-2.905713
0.309981
0.750486
-0.5712929
-0.4417266
-0.2858623
-0.6690726
-0.8324884
-0.9288099
0.04760093
1.826289
0.4265988
2.106319
0.9359941
0.8281918
0.1250784
-0.4399941
-0.1976344
0.5269324
0.5264642
0.2626055
1.745677
-0.2574139
1.131455
1.424262
-0.2692334
-0.1098804
0.2197615
0.3487422
0.3372877
0.2901148
0.4849046
0.7241852
-0.4240631
-1.061345
0.8950505
0.7630687
0.08226677
1.182154
1.064621
0.7931859
0.7948159
1.05871
0.8306797
2.204165
0.6897591
2.487167
-0.4137931
0.3903811
1.680991
1.014652
0.1030923
-0.3060127
-0.320226
0.04088874
-0.08153754
-0.0540136
1.73532
1.100389
-0.3503121
1.604224
-0.6489909
0.5494964
-2.019717
-1.590863
-1.212312
-1.380701
-0.08907282
0.001705835
-0.9236444
-2.764686
