-1.738697
-1.588115
-1.136889
-1.064389
-0.553797
0.9056984
0.95486
0.3237425
-0.2054406
0.1332391
-0.07534168
-0.9375026
-0.708433
-0.7738615
-0.6163287
-0.6995705
-0.8151938
-0.09815723
0.3607494
-0.7012451
-1.012069
-0.5671316
-1.679437
-1.902934
-1.002616
-0.6836149
-0.7506801
-1.009059
-0.6708934
-0.6852248
0.1356481
-0.3159028
-0.7054576
-0.7802872
0.1445491
0.2860413
-0.1969702
-0.7647315
-0.6725861
-0.8213428
-0.3463007
-0.4886471
-0.03760968
0.5108403
1.004995
0.3891918
-0.1071404
-0.3645505
0.2103332
0.6775555
0.9871897
1.647358
2.578468
2.682106
3.025667
2.670847
2.53718
2.631277
1.918789
1.496162
1.311902
1.438676
1.510575
1.385367
1.180943
1.603771
1.476468
2.017794
1.282358
0.7064092
0.4660224
0.7135327
-0.1051404
-0.7591743
-0.6329411
-0.7157993
-0.5245642
0.4009871
0.3346092
-0.3777147
-0.2857418
-0.518256
-0.9871582
-1.617251
-0.5890149
-0.7447382
-0.146517
0.2041374
0.4569037
0.03132715
-1.383981
-1.135358
-1.897617
-2.702879
-2.216083
-1.827965
-1.615666
-1.768258
-1.617461
-0.5540718
-0.6116726
-1.159878
-1.507885
-2.278111
-1.8334
-1.015494
-1.056975
-0.8987372
-1.334703
-0.2669251
-0.3681588
0.3397174
0.7887345
1.490254
2.147403
0.9502901
0.2929824
0.9887298
0.655204
-0.3573032
-0.2368206
-0.02524996
0.2325495
0.6328551
0.7425255
1.303875
0.5735185
0.470201
0.4625991
0.3146363
0.5479805
-1.072333
-1.294118
-0.6321374
-0.4747108
0.1706076
-0.2067727
0.4222265
-0.06773975
-0.08330126
0.8841665
1.113902
0.2243409
-0.08003197
0.1923285
0.1828416
0.3812793
0.5313062
-0.4892406
-1.433885
-1.869784
-1.294094
-1.06596
-0.348708
-0.2354887
-0.8142852
-0.8052996
-0.665894
-0.4972765
-0.2777951
0.2117305
0.5818256
-1.485825
-0.6666055
0.3542118
0.6481106
0.2147266
0.2859055
-0.3550631
-0.420764
0.1712522
0.4785997
0.4588316
-0.90272
-2.27758
-1.206399
-1.071506
-0.7415809
-0.7665932
0.03882055
0.5595239
0.4776959
0.4337436
0.6016081
-0.105734
0.4252524
1.112225
1.149294
1.353391
0.4630089
-0.4403447
-0.477304
0.2470794
0.872229
1.487538
0.7800583
0.05698855
0.09845165
-0.07269711
-0.682732
-0.5712038
0.5887454
0.7857532
0.8275863
0.005613907
0.8651809
0.4581363
-0.1144395
-0.7258967
-0.9811823
-1.008501
-0.2394078
-0.6853769
-1.267319
-0.6619909
0.04967639
-0.06241901
-0.5975175
-1.626642
-1.917575
-1.698287
-1.225016
-0.8841612
-0.7177972
-0.5744232
-1.014938
-1.427806
-1.39993
-1.409239
-0.7283963
-0.1310273
0.2481474
0.5216985
0.7275339
0.7217297
1.285365
0.3952236
0.7426268
0.7423449
0.9168476
1.635834
2.053837
2.140505
1.809487
1.695578
2.421778
1.830371
1.877878
1.928169
1.166237
1.807653
2.451369
1.99144
1.879572
1.669396
1.787731
1.945086
1.493554
0.99071
0.8362228
0.9732981
1.143346
1.835598
1.002571
0.8909424
0.5520043
0.1484254
0.4917098
0.2477415
-0.0439342
0.1521122
-0.03671672
0.1783724
0.2573522
0.4791836
0.2899549
0.2115505
0.07510833
0.1459303
-0.4080516
-0.6197233
-0.7480064
-0.6010278
-0.3089437
-0.4263841
-1.221631
-1.803407
-1.565008
-1.057812
-0.4854032
-0.943585
-0.6370344
-0.07254261
-0.379592
-0.07699977
-0.03060908
-0.3596047
-0.1071298
-0.4053413
0.4332142
0.09764384
-0.9240812
-0.7757989
-0.3086825
-0.4860303
-0.8316476
-0.55421
-0.4718715
-1.026732
-0.339794
-0.2461499
-0.4965792
-0.109255
0.2272305
-0.004295282
0.1006978
-0.1408834
-0.5902106
-0.1483667
-0.04495144
0.6700585
0.3243632
0.9272593
1.370904
1.291348
0.8308488
0.3810941
0.755269
1.616331
1.733008
2.080661
1.14251
-0.1243502
-0.05861476
-0.2632074
-0.212538
-0.3096261
-0.5635152
-0.4736447
-0.6984957
-0.5826141
-0.4669887
-0.8943843
-0.6049194
0.4199295
0.6897465
1.034976
0.4342407
0.7936314
0.9837874
0.7669795
0.5423898
0.3486451
0.5652498
1.093721
1.015593
1.046016
1.142292
1.935831
2.069346
1.783633
1.080467
0.7689278
0.7283838
0.2762287
0.3155703
0.2367259
0.2212773
-0.4422213
-1.000691
-1.936587
-1.547781
-1.499349
-1.41171
-0.7954718
-0.3838741
-0.7297556
-1.050809
-0.114507
0.118751
-0.6583332
-0.3330292
0.5849628
0.8919562
0.4147953
-0.3351581
-0.5218496
-0.8479835
-0.4881596
-0.08646386
-0.5218726
-0.840948
0.007481283
-0.03133914
-0.3187909
0.392371
1.168502
0.53807
0.5392913
0.9321499
1.435276
0.2328353
0.5770899
0.7916846
1.423777
1.065273
1.342945
0.9188922
0.6163557
0.3805933
0.1058029
-0.4452306
0.2458286
0.744192
1.427356
0.6303958
1.266763
0.480777
-0.08159608
-0.2867641
-0.002501074
0.03133495
-0.2680113
-0.6868436
-0.9988696
-0.8090778
0.2485758
-0.04747098
-0.6350816
-0.05456895
-0.01506009
0.4480406
0.4300665
0.6644542
-0.1428062
-0.7282366
-0.9243225
-1.260848
-2.498253
-2.067835
-1.537111
-1.10952
-1.569904
-1.072642
-1.005607
-0.5070204
-0.00847605
-0.8739213
-0.8628533
-1.196458
-1.001106
-0.840404
-0.8739728
-0.2637451
1.031124
0.8604023
0.5210752
0.1115519
-0.1841628
-0.5860078
-1.688824
-2.335369
-1.585317
-1.427896
-1.127428
-0.8301495
-0.01413698
0.7736456
1.387508
0.9859344
0.6687404
-0.2411879
-0.3746811
-1.375442
-0.9165264
0.320417
0.4902489
-0.8887193
-0.6369758
-0.3444037
