1.115819
1.559244
0.08220357
-0.09701785
-0.4755118
0.1273028
-0.8827698
-0.2685618
1.120682
-1.748024
-0.4352233
-0.5844765
-0.5246825
-0.5413088
0.2412757
-0.8450536
-0.5618733
-0.1051791
-0.4751223
0.5271847
-1.205767
-0.3066048
0.1471412
0.4111898
-1.915733
-0.1451085
0.02553808
0.1190283
-0.1387712
-0.9479308
0.5399079
-2.388612
-0.4118561
-0.6748379
-0.7018814
-1.621845
0.5678853
0.9386597
0.3976113
0.724763
0.7296417
-0.6887195
-1.062191
-0.09662118
-0.5742417
0.6079624
1.724049
1.6067
0.7783391
1.343135
0.5888223
0.4628542
0.5311778
0.3598878
1.308648
0.8775288
1.767811
0.9996731
-0.4477924
0.7497025
1.21382
0.330786
0.8589683
1.031052
1.41781
0.6713234
2.737333
0.3473014
2.92711
0.1865072
1.2372
1.08205
-0.791696
0.348406
-1.59928
-0.5975274
-0.6024193
-2.59722
0.3955928
-0.4669486
-0.1929386
-0.4949508
0.3549759
-0.6259578
-1.570706
-0.8655509
-0.8071533
-1.366577
-0.8021178
0.2830464
-0.7779773
-2.802023
-0.9041572
0.1526374
-0.2925737
-1.01249
-1.347246
-0.7077098
0.07949789
-0.4469378
0.6355589
-1.148556
-1.455433
-0.1708978
-1.675107
0.110269
-0.3646451
-0.7476227
1.031862
-0.01279938
0.2695739
-0.7029915
-0.1054953
0.4442501
0.6300437
2.500053
1.313908
-0.5876834
-1.07509
-0.7371535
0.08682711
-0.2152151
0.9269411
0.4302814
0.04616645
0.8082687
0.2827046
0.4605635
0.8891307
-0.110987
-0.5590681
0.7119731
-0.645301
0.3406467
-0.552848
-0.2575522
-0.1910613
-1.760883
0.1106584
-2.094418
-0.7903263
-0.1754487
-1.938536
-0.07153533
-1.119837
-1.382722
0.2356289
-0.6426855
-0.3131731
-0.6486928
-0.532641
-1.926313
-1.910636
-0.854984
-0.7427016
0.03424027
0.05902392
0.4969603
0.3049546
0.9584308
0.4520442
-0.6515939
0.4713576
-1.104305
-0.98807
-1.771304
-1.486983
-0.3983518
1.327578
0.7273822
1.009257
0.6813626
1.301066
1.556151
0.3700902
0.2426978
1.246486
-0.0547712
1.468747
-0.3189457
1.071325
0.4250231
-0.468723
0.6853594
-0.4032907
-0.2943892
-1.122787
0.03716511
-1.202766
-0.1904318
-0.4528041
0.4149649
1.367056
1.674167
1.125588
0.5044363
0.7333001
1.577649
2.090907
3.062305
0.9912135
2.041037
1.490965
0.8548056
0.9680817
-1.164744
0.3533223
0.1742322
0.09193864
1.545631
-0.3364282
1.883417
-0.462009
0.7478613
-0.9742427
-0.7255141
1.149616
0.1235751
0.5775413
0.8547024
0.0827476
0.8025697
0.3287908
-0.7945426
1.386806
1.937684
1.725482
1.570524
0.9274197
1.356776
0.6239133
0.5842198
-0.06626541
0.7849259
2.060317
2.677944
0.8109251
0.6276675
0.7300434
0.7760286
-0.1822257
-1.536227
0.5428324
-0.9791639
-0.7814527
-0.6553319
-1.244624
-0.2949058
0.1728465
0.9206219
-0.285439
-1.291998
-0.8569462
-1.398419
-1.745773
-0.2538931
-1.18114
-0.5831625
-2.038445
-0.7605954
-0.9642904
-0.8087958
-1.249589
-1.026344
-0.4088027
-0.7654482
-0.3737021
-0.5012705
-0.4913627
-0.3698696
-0.3856349
-1.827126
0.2296323
-0.5610462
-0.8383566
-0.9830174
-0.778183
-0.6163552
0.1430434
-0.02224622
-0.7762527
-0.3124006
-2.643368
-1.517241
-0.864063
0.09848832
-0.735992
0.5187212
-0.7678873
-0.5487837
-0.7617036
0.02694206
-1.738095
0.2927752
0.116923
-0.1405242
-0.8532275
-0.52057
-0.7019053
-0.8723568
0.9625622
0.07954571
0.2217139
0.6941978
-0.5122741
-2.013163
1.420134
-1.842701
1.239441
-0.9433371
-0.1657566
0.810438
0.6887521
1.277955
0.01433326
-0.1337371
1.079209
0.3563005
0.4226399
0.4285165
-0.3691954
1.262753
0.8773112
-0.2386167
2.171264
0.8144127
1.125633
1.276055
1.008057
1.834617
0.09290726
1.143765
1.337482
0.524027
2.66693
1.356501
0.1121924
0.5712953
-0.203238
-0.4081483
0.1670109
1.019949
0.6647906
0.7891179
-0.2270191
0.1244498
-0.4607573
0.217409
0.3093013
-1.759181
0.1547998
-0.1048938
-0.9378722
-0.0611405
0.3099995
1.872173
0.7156869
1.258013
0.008965834
0.01197928
-1.736246
0.05897144
-0.3736659
-1.053195
-0.8047686
-0.6280336
-1.799859
-0.6518465
-3.030119
-1.205169
-1.228825
0.1437873
-0.1817228
1.594363
-0.3516183
-0.3550797
0.2313125
1.122142
1.732663
1.976606
2.451394
0.278848
0.5269075
1.390742
-1.083267
0.2906908
-0.9123817
-0.6726766
-0.4609497
-1.100365
-0.3473686
0.1471237
-1.31578
0.8255814
-0.3556373
-0.9793726
-0.2621978
-0.05110791
-1.258099
-0.301935
-0.002644477
-1.369301
0.1127723
-0.2125022
-0.6271958
-0.2385882
1.048539
0.1525613
-1.150474
-1.085437
0.6389575
0.3080741
0.3860775
-0.05803571
0.6619751
0.5152397
-0.7380568
-2.148019
-0.01507288
0.1847429
0.3881662
1.275331
0.4375762
1.592478
1.84998
1.468845
-0.115609
2.459662
1.215276
0.8261009
1.57179
0.782216
-0.7158015
-0.840737
-0.7035987
-0.6526661
0.09325038
-0.004704198
-1.642437
-0.5530139
-0.7611748
-0.3860787
0.04752904
-0.1121904
0.9061565
-1.198429
-0.1655566
0.2239921
-0.06886858
0.730983
1.053671
-0.7404639
0.04121267
0.3785108
-0.005926935
0.05498078
-1.448691
-1.299912
-0.1162773
-0.3140875
-0.3324737
0.3853599
0.2002075
0.5680647
0.8378475
-1.250368
-0.7776068
-1.378348
0.4547971
0.6464168
-0.4762022
-0.5450684
0.9592144
-0.1575231
-1.267183
-1.908759
-0.705039
1.014537
0.5254092
-0.2811686
