0.3665102
0.4956369
-0.2445497
0.232042
1.299595
0.8655269
-0.5103144
-0.5499758
1.829938
0.3178259
0.3386688
0.659767
-1.626708
-1.820644
-1.537979
-0.4891459
-1.924556
-0.5888922
-0.5025464
-0.9478737
-0.3115561
-0.2849654
0.6266148
-0.6660038
1.417804
0.01563226
1.076273
1.127286
-0.9235975
-0.2820693
-0.8455224
0.3737246
1.040768
0.9737889
0.1614085
-0.5246158
-0.9034152
-0.2310167
-0.9498464
-1.967889
-0.8698503
-1.73141
-0.2863177
-0.4347899
-1.023924
-0.3321292
-0.1059324
-0.3444193
-0.09634069
-1.159687
-0.6648135
-1.117718
-1.842358
-0.9814654
-1.217611
-0.495914
-1.71256
-1.315347
-2.256567
-0.9522676
2.025737
1.492174
1.402867
1.781811
1.681898
1.900362
1.336649
2.039289
0.5956377
0.8873517
1.471281
1.84079
0.8319703
-0.05831148
0.3546788
-0.1900055
-0.6024716
0.5184528
-0.4999616
1.070226
-0.2842942
0.9005023
-1.193158
0.1995524
-0.3233865
-0.546268
-0.07215136
0.018808
0.3150297
-1.051691
-0.1302974
-1.687418
0.453355
-0.5836525
0.3160315
0.2511716
-0.04035814
1.217288
0.495084
0.04436427
1.342044
0.9127451
0.07308506
0.8371056
0.927705
-0.06570551
0.4969991
0.9985641
0.8262297
1.739257
1.636242
0.9273292
1.260074
0.2771291
2.007467
2.724697
1.299786
1.553685
0.5027737
0.2403646
-1.04757
-1.519041
-1.489382
-0.7198087
-0.8849785
0.1203891
-0.07645662
-0.1466601
-0.6762892
-0.4801207
-1.366263
-0.7916106
-0.7065777
-0.8713984
-0.9523414
-0.8059644
-0.04777247
0.88338
-1.568855
-0.09691966
0.08076927
-0.5636814
-0.2442798
-0.1916915
1.319807
-0.1505449
0.2754026
1.307838
0.7468495
-1.792249
0.4642282
1.223297
0.8704556
0.008431324
0.6001671
0.1356664
0.4584628
0.003649498
-0.5764009
-0.7620299
1.096077
0.7063612
1.453573
0.1945494
-0.09717899
0.2715813
-0.5206073
0.5969784
0.957049
-0.06319915
0.2433069
0.01081021
0.8825381
0.7582924
-0.2370284
0.5747041
0.4662779
0.1592961
0.140274
0.9417259
0.2820044
0.07294158
0.3974833
0.6306161
-1.015998
1.031994
0.9837458
0.9953276
0.7428554
0.5298817
0.2846641
0.01180231
0.3117067
0.9401134
1.158178
0.5191642
0.2425533
0.7517037
1.999926
-0.1663356
0.1606828
0.3203196
0.6679398
-0.5689304
-0.3399365
-0.1974295
-0.8471985
-0.704213
-0.7795241
0.9612949
-1.041624
-0.5034642
-2.018767
-0.4560499
-0.4487028
-0.9169235
-1.046109
-0.8215612
0.2139216
-0.7532986
-0.9916659
-0.9196436
0.534229
-0.2448555
-1.640393
0.5519849
-1.782304
-0.5493672
-1.045351
-0.4604707
-1.221838
-1.709244
-2.712224
-1.405219
-1.840967
-0.9369592
-1.819354
-1.478214
-0.7511232
-2.063566
-2.700529
-0.8684977
-1.380121
-0.3307027
-2.040741
-1.77371
-1.669488
-2.049102
-2.100997
-0.9474661
-1.675505
-1.061522
1.366927
1.660289
2.058178
0.9114081
0.9102697
1.181225
1.060209
1.804037
2.245538
0.09228696
0.6349977
2.263342
-1.107364
-0.03415585
-0.2570627
-1.170068
0.4812765
-1.011785
-0.4615092
0.3538132
-0.6819195
-0.346758
-0.1444537
-0.7833956
-0.2299758
1.501814
1.181473
-0.6081966
1.128989
1.217503
0.4250405
0.2873684
0.2942419
0.9716778
1.101897
0.7367154
0.3694061
-0.3947797
-0.3497312
-1.290063
-0.6213301
-1.429898
-0.3069009
-0.6770722
-0.3125095
-0.8038177
0.3898938
-0.2461936
0.234599
0.1709016
1.234233
0.902827
1.117109
0.2404488
1.223231
1.122576
0.484994
0.7899826
1.031571
1.576436
0.3708393
0.1327954
-0.2825312
-0.2626686
-0.2309508
-0.1643431
0.4455404
0.3019457
0.08755912
-0.5413052
-0.05059551
0.3764913
0.1551885
1.091768
0.3900361
0.4065737
-0.1827372
1.072859
0.6471763
-1.633826
0.8803639
-0.8608728
0.5122302
0.4874563
1.124606
0.2291443
-0.6663153
1.0582
2.073622
-0.6300971
1.145376
0.7927995
0.9165204
-0.01018756
1.638698
-0.6849149
-0.7202021
-0.100913
-1.406736
-0.6188393
-1.025027
-1.864031
-2.120588
-0.8937023
-1.594055
-0.2043503
-1.09761
-1.217444
0.5140691
0.1974398
0.2068212
1.069947
-0.7381638
-1.285099
-0.1662014
-1.45375
0.3001317
0.683417
-0.5628236
0.1387807
-1.791103
-1.191375
-0.4976253
-0.07587815
-1.043051
-0.3638142
-0.6974795
-1.478124
-0.770594
-1.892465
-1.622279
-2.273941
0.2920866
-0.06078376
2.055522
1.004384
1.86118
0.8948823
1.531924
0.640267
2.466406
1.073438
2.389337
0.5224116
1.564386
1.965157
1.080575
0.7958465
1.509835
1.326646
1.04171
0.6261455
0.9310363
1.566625
1.285232
1.333471
1.610566
0.7524977
-0.27908
0.9821926
0.989126
1.134483
-0.03945548
-0.2800187
0.8788003
1.082877
0.3949007
-0.1110927
-0.144781
0.1614949
0.4677079
-0.180827
0.1654583
1.222966
0.8466995
-0.6889775
-0.1179407
-0.04026985
0.2719219
0.3512489
-0.7572935
-1.433301
-0.9559712
-0.3299713
-0.5806264
-0.04911453
-1.549076
-0.5032771
-1.20249
-0.115463
-0.05539409
-0.2778449
-0.2807786
-0.3377805
-0.5238642
0.5068734
-0.8075132
-0.7626087
-1.363022
-0.5538138
-0.5877954
-1.306396
0.7351464
0.614202
-0.624199
-1.048017
-0.1025806
-0.8467413
0.2985859
-0.01937567
0.3390247
-0.7774227
-0.9012855
0.1293421
-1.361977
0.2080104
-0.6179577
-0.2672912
-0.5087029
0.8096192
0.5327024
0.1510583
-0.4494148
1.170075
-0.2147187
-0.3948632
-0.9593492
-0.5104734
