-1.141961
-2.52359
-0.7871203
-0.3039506
-0.7851186
-0.7294708
-0.994813
-0.8288094
-1.274029
-1.783942
-0.9126444
-2.73359
1.727817
1.989914
2.482005
1.09461
0.1546938
0.7574688
0.4305017
1.014742
0.8816553
0.9850584
-0.6852078
-0.04362926
-1.69017
-1.136051
-2.028739
-0.7428711
-0.1741491
-0.4391562
-0.4534752
-0.530765
-0.4628195
0.3541586
-0.1690844
-1.318334
-0.5613148
0.5232184
1.409666
-0.6483681
-0.4546261
-0.2410556
-0.02832963
0.1544604
-0.0243686
-0.1967472
0.3635529
-0.3451221
-0.9841969
-0.9729348
0.1925859
0.2915503
0.6379054
0.4941758
0.07467028
-0.02360393
0.4179591
0.1133744
-1.112658
-0.4200985
0.3324038
2.680327
0.1419409
0.8930731
0.002089947
0.1844005
-0.09090868
-0.1109782
0.1635084
0.3090949
0.516879
3.603735
0.1658359
0.6534723
2.247073
-0.1560358
0.3537601
0.1369526
0.2732195
0.1849546
0.2722802
0.7681715
0.9593411
0.2156787
-0.3605175
0.9378515
1.673245
0.7494542
0.665719
1.139082
0.6304891
0.8260152
0.3876289
1.010914
1.655166
0.8166763
-1.799435
-2.026445
0.4075989
0.4977876
-0.3817104
0.3472344
-0.1075968
-0.2552933
-0.2746199
0.9322261
0.5269984
-2.034374
0.2283138
2.290014
1.133124
0.01538505
1.006174
0.1924456
0.3026596
0.461595
0.005933546
0.3646253
-0.4630603
-0.9557902
-0.4455722
0.04561629
-0.1877312
0.8267989
0.4207744
0.3929767
-0.2956315
-0.06211392
0.1798578
-0.5702138
-0.02730244
-2.010607
1.09791
0.783317
-0.6593586
1.020665
0.2691435
0.283392
0.6889831
0.7981694
0.2754556
0.4046677
-0.1865836
0.6930958
0.3381461
1.060645
1.630975
-0.01365959
0.2468635
-0.4106553
-0.5036433
0.1625715
-0.2017123
-0.1857518
0.1847229
0.7352746
-1.236229
-0.2445857
1.213115
0.3312407
0.6533071
0.8843161
0.467151
0.7758955
1.223202
0.2955564
-0.01034786
-0.07577597
-0.2709349
-0.5675423
0.06226134
0.511866
0.7677164
0.07280302
0.1945479
0.3288416
0.5045719
0.2424172
2.644252
0.6776845
-0.7130442
1.084377
0.2553541
-0.2463372
-1.06043
-1.195905
-0.5070429
-0.743586
-0.4618942
-0.8415087
-2.031538
-0.1474802
-0.612872
-1.749157
-0.290109
-0.6222315
-0.04591314
-0.004946682
-0.405742
-0.3934298
-0.1770326
-0.5088465
-1.716982
-0.3504864
0.9253015
-0.1520484
0.9802766
0.8195659
-0.2321452
-0.1095273
-0.5128582
0.1153647
-0.2799349
0.06147675
0.003267077
-1.330012
-1.895283
-1.472782
-1.997905
-2.168033
-1.323968
-1.046472
-0.6479498
-0.7279895
-0.7374783
-2.186806
-0.4587813
-0.8624092
1.442475
-0.5010089
1.08002
0.544679
0.7923557
0.2797582
0.09296904
-0.0357542
0.4353204
0.3126824
0.6950185
-0.7418907
-0.5037018
-1.833865
1.886009
0.1932376
0.02720326
0.8085797
0.2589788
-0.06269995
0.4245929
-0.3214779
0.7761001
-0.8858032
0.8168564
-0.04467361
0.07382448
-0.6287733
0.4682951
0.4373389
0.4636855
0.383418
0.6532429
2.104903
2.19574
0.2210509
-0.3331594
-0.9739142
-2.232471
-0.9366051
-1.713921
-0.6123783
-0.1660309
-0.4814711
-0.310418
-0.3925282
-1.898436
-0.1025784
-2.377003
-2.432709
-1.780395
0.9397048
0.5402013
0.5729061
0.2936069
0.1826279
-0.2141004
0.1463307
-0.5848939
1.767924
-0.9386656
0.3477204
0.9752023
1.102072
0.4720526
0.5833169
0.8392929
-0.02736239
-0.1507625
-0.2998894
1.02254
-0.4240071
-1.273336
-2.583632
-1.137636
-0.5916805
-0.8689311
-0.8144152
-0.1429255
-0.2599419
-0.7060421
-0.5488783
-1.878789
-0.06839031
0.8610955
2.660851
-0.6825859
-0.06006548
0.08497755
-0.1565843
-0.1439302
0.3487387
-0.4495066
-0.4808392
-0.3122313
0.7228071
2.543727
-0.7154747
-1.265754
0.1711885
0.04730519
-0.5838675
0.1973602
-0.1683772
-0.1011876
-0.8601215
-0.5364045
-0.5100874
-0.7627185
-0.6500036
1.34816
-0.1032066
-0.02028782
0.3479946
0.1472369
-0.007258556
0.06914014
0.8864188
0.4050188
1.531691
3.439626
1.520665
-2.213563
-0.1520527
-0.3427509
0.2785246
-0.09344847
0.08135308
0.4604196
-0.2105575
-0.7708596
0.7132614
0.1659498
-0.2335847
-0.4524977
0.08378711
0.2123601
0.372185
0.2015808
0.4421475
-0.03460151
-0.2960441
0.5295088
0.7527648
0.1497571
0.6821132
-0.4473032
0.14417
-0.1621525
-0.9488816
-0.5241473
-0.8241951
-0.7603704
-0.9707948
-2.003897
-0.5218915
1.772761
0.4100717
0.7353483
-0.5321289
-0.06113866
-0.4574697
-0.2997993
-0.3431522
-0.2313319
-0.6166987
0.805145
1.237379
1.457958
2.007155
0.3310419
-1.590436
-0.774989
-0.7433138
-0.5600533
-0.4770869
-0.3346165
-0.462627
0.1463754
2.048271
0.4560382
0.3429129
-1.208642
0.02986764
0.4079268
0.2759722
0.3107191
0.08089696
-0.0692412
-0.06860067
-0.8422558
0.04053643
-0.1653394
2.297318
-0.3576156
0.03886972
-0.3153697
-0.05871946
0.495064
-0.3358069
0.1592859
0.3519867
0.7447958
0.07766843
-1.52832
-1.604946
-0.5249607
-0.7031385
-0.7712392
-0.889659
-0.5969732
-0.2474065
-0.1611521
-0.5473424
-0.4437612
-1.899098
-1.453699
-2.510527
-2.536569
-1.705539
-0.7030411
-0.9097851
-0.787046
-1.278849
-1.498012
0.1959066
0.1319406
-1.561879
-0.3301156
-0.07076588
-0.1426912
-0.1880147
-0.463651
-0.04607263
-0.004865088
0.07509167
0.2595967
0.5416723
-0.2113982
0.2089897
3.494974
2.714729
0.7001896
1.811611
2.435673
1.560162
1.50106
1.798292
2.123504
1.94342
2.918278
3.239295
