-1.481242
-1.250519
0.06632064
-0.05079623
-0.7086306
-1.304239
-0.4463775
-0.131301
-0.4180255
-0.4729711
-0.05421039
0.1647048
0.1317253
0.8384926
-2.053644
-0.3072014
-0.7201455
-0.9471765
-0.2645581
-0.1407985
-0.009697369
-0.2220905
0.1187903
1.823662
0.1614522
-1.373794
-1.528051
-1.053594
-0.4136028
-0.6735459
-0.7257497
-0.9189298
-1.383181
-0.8350955
-0.8097177
-0.6585835
0.1650657
1.161884
-0.001861667
1.061914
0.2460839
0.4874482
0.2214637
-0.1964016
0.3127104
0.8415306
0.5056565
0.2915861
0.6224623
1.248666
1.226473
-0.06856125
-0.6178021
0.0981559
-0.9185542
0.178005
0.04080127
0.1482555
0.8860741
1.297751
1.291729
0.5602823
1.33031
-0.1204733
0.7875035
0.8281507
1.988096
1.370705
2.182886
0.8092594
0.5555059
0.6209111
0.6261477
-2.192851
-2.68893
0.1098118
-0.8084142
0.1963077
0.3159944
-0.8618342
-0.7139593
-0.7566625
0.2884215
0.4978353
0.04700639
0.90824
-0.06502152
-1.112192
-0.04488956
-0.2221299
-0.6633831
-0.6908391
-0.219613
0.1166954
-1.354781
-0.2916654
-1.892264
-0.656078
-0.4455103
-0.5519076
-0.4727017
-0.9243118
-0.7130549
-0.4901176
-0.623078
-0.1606419
-0.9943106
-2.417954
-0.4013316
0.2870918
-1.343211
0.4290596
-0.7505783
0.2124243
0.01172915
0.3301029
0.07726597
0.6008809
-0.7819005
-0.3172452
-1.302645
1.316108
2.342055
1.138454
0.06673484
1.103017
-0.1236202
0.3182944
0.6057018
0.6043077
1.418295
2.376004
-2.390071
-0.6916018
-0.2197852
1.035882
-0.6458112
-0.8473371
0.678905
-0.1528925
-0.06041924
0.1155149
-0.6993515
-0.2762126
0.2635355
0.2767525
-1.995431
-0.981775
-0.8025237
-0.1055799
0.1720288
-0.6229731
-0.5783132
0.7498688
-0.324901
-0.2899416
0.1544434
-0.04955808
-0.1882972
1.044551
1.291037
-0.4540522
-0.1723243
-0.6388072
-0.3870021
-0.2945414
-0.5759763
-1.201746
1.011447
1.517419
1.793525
1.007611
1.357327
0.5025485
0.6290408
0.6814531
1.571497
1.456117
0.9652585
0.4870283
1.004246
0.2806212
0.3015724
0.5021492
-0.02215525
0.1372934
-0.1246855
0.1774873
0.128932
0.4823086
-0.8684868
-0.3440025
1.796239
3.685414
2.509586
1.6937
1.872422
1.979336
2.356363
1.671249
1.976043
1.385586
2.452819
2.631744
0.6814507
0.2970701
0.5310492
0.4427974
0.8203032
0.3106859
0.2468365
0.8406191
0.6567799
-0.1323479
0.3291344
0.03754955
1.565499
-0.1177517
0.7742133
1.691992
2.100699
0.8097466
0.2075729
0.9053022
0.8652793
0.6863497
1.392568
0.01073871
0.9516805
0.1759472
0.7874022
-0.9107635
-0.7017589
-0.1053737
0.05772361
-0.1333123
0.08439582
-0.7159615
-0.1440196
-0.846808
-1.031431
-1.668176
-1.228352
-1.416182
-0.8469321
-0.04331603
-0.8110255
-0.4865058
-0.4430048
-0.4466562
-0.2163451
-0.7985457
-1.372816
-0.9531992
-2.011536
-1.52791
-1.29325
-0.6410056
-1.290851
-1.57755
-0.558668
-1.899634
-1.778193
-0.6474563
-1.044302
-1.725947
-0.1735333
-1.9999
-0.2582734
-0.3464484
-0.6566641
-1.391775
-0.4846146
-0.8721773
-0.2681758
-1.627869
-1.145519
-0.6520931
-0.4332615
0.2790721
-0.09755577
-0.817679
-0.7827335
-0.9454387
-0.3799334
0.102345
0.08412164
-0.627138
0.7287635
-0.3146811
0.6343652
-0.7522473
-1.006017
0.7645547
-0.9801154
-0.4683447
-0.3471253
0.07083378
-0.3907299
-0.9354027
1.157016
0.05199632
-0.3997089
0.3044331
0.3785314
-0.436664
1.101675
-0.2328017
0.07338836
-0.1670833
0.08309365
0.5754994
1.092642
0.6897886
1.23667
-0.06028296
1.251077
0.377322
0.2098178
0.9316225
-0.8641708
-0.440875
0.6020381
1.821469
0.4540776
1.765102
1.558742
1.420985
2.35344
1.798212
1.619622
1.902645
1.708563
1.459495
2.180207
1.183964
-1.543853
-0.0751527
0.1773665
0.03507499
0.05823273
-0.1603121
0.4030243
0.1557401
-0.4303042
-0.4815587
-0.2142552
-1.379857
-1.031741
-0.7672812
-0.4750167
-0.753097
-0.1702694
-0.5144491
0.3364541
-0.061449
-0.1286352
-0.939336
-0.6406316
-0.2187719
-1.143172
-2.69211
-1.964725
-1.440484
-0.2316927
0.03813713
-1.561977
-0.7174893
-1.484874
-1.510017
-1.77776
0.7979894
0.6335383
0.7772872
-0.8026751
-0.4395238
-1.160627
-0.752667
-0.1428379
-0.6376104
-0.289018
-0.4265296
-0.1009865
1.092687
-0.05597514
-0.5296909
-0.5673223
-0.2385104
-1.457621
-1.534782
-0.6202299
-0.6388951
-0.6020927
-0.511784
-1.194139
-1.39597
0.005567334
-0.7820018
-1.057173
0.1371431
-0.4550842
-0.07774704
-0.665976
0.09474266
-0.6277068
0.7408103
0.6903421
-0.5749314
-1.547313
-2.323403
0.1957546
0.09810016
-0.2675063
-0.9757534
-0.07845763
0.1621926
-0.2722012
0.004260967
0.3375009
0.3164033
2.230777
2.327306
2.382849
1.637585
2.249773
1.925085
1.324522
1.819352
2.022341
2.208972
2.141438
2.116375
0.8329421
0.6299837
0.3327933
-0.8262004
-0.2051708
-0.3206885
0.4164426
0.1232131
-0.03568446
-0.13618
-1.739515
-2.00066
0.6114162
-0.3433413
0.9350802
0.4309745
0.3500226
0.5361746
0.298596
0.3202291
-0.3108694
-0.3301914
-0.506245
-0.462135
-0.4753455
0.06966089
-0.1177101
-0.7037923
-1.549049
-0.3105689
-0.7834064
-0.1325468
-0.4824413
-1.422627
-0.03888447
-0.06704889
-0.5331736
0.1546503
0.5341951
0.7355304
0.4771309
0.3953422
-0.05438277
0.3324625
-0.09329244
0.7010624
0.5835997
-0.591778
