-0.0349504
-0.1129261
-0.1205989
0.07281947
-0.009774456
0.1232071
-0.02059405
0.1314083
0.2506086
0.3135815
0.2454148
0.4044082
-0.02825269
-0.1648333
-0.1400702
-0.1788416
-0.1090893
-0.2290633
-0.3443501
-0.4509623
-0.3979565
-0.4226999
-0.3479612
-0.3812874
-1.579837
-1.663165
-1.462835
-1.560931
-1.466512
-1.521655
-1.593789
-1.612583
-1.401079
-1.413099
-1.551762
-1.408167
0.8336814
0.7429602
0.7064245
0.8189725
0.9298267
0.9635713
0.8129344
0.8477824
1.084801
1.28386
1.338915
1.565271
2.321239
2.359468
2.159212
1.985318
1.895463
2.005144
1.713914
1.691314
1.562019
1.441442
1.378154
1.483929
0.8034779
0.8063574
0.7595544
0.6743145
0.4519731
0.3523842
0.4391719
0.4701853
0.6135292
0.3514032
0.3881434
0.2184919
-0.02682567
0.05297785
0.05825292
-0.0305745
0.005077343
-0.05164322
0.1306196
0.0749234
0.1079545
0.1578849
0.1631075
0.153501
-1.145303
-1.020492
-1.020613
-1.024019
-1.081366
-0.9270309
-0.8946116
-0.9291609
-0.7572843
-0.6035241
-0.5769996
-0.5228009
-0.8225424
-0.7624552
-0.6433324
-0.7127937
-0.7132898
-0.7439792
-0.5622869
-0.4471582
-0.306141
-0.3345402
-0.2962734
-0.452307
-0.2416778
-0.2915443
-0.4917353
-0.7847236
-1.042262
-1.16359
-1.297146
-1.255529
-1.263206
-1.490842
-1.585721
-1.639055
-1.432999
-1.346992
-1.332974
-1.215095
-1.173415
-1.202957
-1.026705
-1.084597
-0.9718588
-1.065052
-0.9411177
-0.9234322
0.05379108
0.2615916
0.1551173
0.3321837
0.2988953
0.08657845
0.1899267
0.2783381
0.2476295
0.3274986
0.2740993
0.3411919
2.683352
2.634364
2.635854
2.712022
2.826751
2.784206
2.745947
2.583774
2.485723
2.563502
2.557918
2.755142
1.742267
1.796382
1.803222
1.93201
1.908176
1.707594
1.548814
1.355859
1.311574
1.119513
1.182248
1.242346
-0.1022594
-0.04596398
-0.09297554
-0.001332813
0.03831305
-0.1055324
-0.2438771
-0.4069204
-0.3329635
-0.2676923
-0.1779
-0.1110954
1.025414
0.8559716
0.9916026
1.049407
1.087385
1.00324
1.002663
1.048774
1.019966
1.350648
1.362461
1.433069
1.097691
1.044609
0.9397814
0.7693542
0.6900547
0.7687895
0.9098478
0.7825105
0.6281551
0.5065132
0.5278012
0.4606315
-1.182116
-1.058147
-1.105988
-1.225423
-1.23957
-1.107147
-1.188696
-1.154378
-1.18461
-1.212373
-1.157482
-1.248185
0.2891299
0.3592432
0.6105848
0.6852786
0.9840971
1.174194
1.311372
1.420614
1.534531
1.623996
1.784991
1.830108
-0.7715238
-0.8135852
-1.045675
-1.204198
-1.198154
-1.476251
-1.543796
-1.653128
-1.85667
-1.984188
-2.008581
-2.196115
-0.8158833
-0.8222761
-0.726124
-0.8612316
-0.9126585
-0.9026314
-0.8571961
-0.8849219
-0.9218
-0.9350331
-0.9827839
-0.987515
-1.808735
-1.717049
-1.764327
-1.60405
-1.671329
-1.699813
-1.64776
-1.529796
-1.489952
-1.430274
-1.521622
-1.531528
-0.8165263
-0.7522373
-0.4701548
-0.583288
-0.5973848
-0.5297246
-0.5560426
-0.5277761
-0.5665412
-0.5811117
-0.5854278
-0.6309885
-0.5420626
-0.5171408
-0.3398148
-0.3325717
-0.3022281
-0.2467074
-0.4061407
-0.3821954
-0.4127576
-0.1843819
-0.07354708
0.008825697
-0.4349841
-0.487311
-0.5044954
-0.6976584
-0.8714442
-0.7544004
-0.6186928
-0.5753971
-0.5676013
-0.4593912
-0.4206028
-0.5231619
0.4634336
0.4232551
0.2723083
0.3253181
0.1735267
0.158954
0.2614478
0.401879
0.4892642
0.5153092
0.5881479
0.6661117
-0.05679365
-0.2445262
-0.1667923
-0.2388962
-0.1403495
-0.1809259
-0.2155088
-0.2105639
-0.2277666
-0.2851964
-0.4551226
-0.4914658
-0.7844033
-0.7694178
-0.7965367
-0.7498682
-0.6376387
-0.6051527
-0.5843865
-0.4164163
-0.2999761
-0.263827
-0.1676753
-0.06477266
-0.2113647
-0.2723423
-0.5362983
-0.5408372
-0.7068509
-0.6109864
-0.6898302
-0.8579718
-0.960345
-1.084332
-1.27869
-1.254853
-0.8709831
-0.8382934
-0.6921907
-0.6053057
-0.539952
-0.4123913
-0.2879008
-0.1811545
-0.187766
-0.2192432
-0.3725177
-0.4310065
0.7055654
0.7505822
0.77651
0.920024
1.145359
1.43793
1.472926
1.481022
1.411222
1.500507
1.642515
1.786317
0.1202805
0.0006654877
-0.1004261
-0.1040165
-0.3288223
-0.4857125
-0.6309682
-0.7584363
-0.938586
-1.089965
-1.201555
-1.294136
-1.135208
-0.9598261
-0.894853
-0.7643204
-0.6666133
-0.5806262
-0.5710412
-0.5816187
-0.7147804
-0.7954243
-0.8143674
-0.928988
-0.1965654
-0.009010361
-0.01339956
0.1547347
0.2931747
0.3336813
0.4168994
0.5228432
0.4750519
0.5078586
0.5556746
0.528031
0.7919578
0.8648077
0.8617154
0.8204784
0.7230437
0.6565967
0.8605546
0.921813
0.9634717
0.8833628
0.9806916
0.9302719
0.7658171
0.7497337
0.8718228
0.9324784
1.120529
1.158422
1.071282
1.125893
1.147356
1.17995
1.200542
1.160534
-0.352356
-0.3862721
-0.3874023
-0.2024324
-0.09230179
0.03728579
0.1752917
0.3258877
0.4389948
0.5165969
0.6061859
0.6372002
0.5340856
0.2614728
0.3027397
0.1337676
-0.009763788
-0.06855769
-0.1441583
-0.2205846
-0.4068269
-0.4746003
-0.5607927
-0.4902575
-0.1328256
-0.04225805
-0.1042356
-0.1310017
-0.1676593
-0.1523025
-0.01699109
-0.09699801
-0.3077572
-0.3578357
-0.3972588
-0.6442628
0.588287
0.5576853
0.5930999
0.7104483
0.9096212
0.9414051
0.9405789
0.9466979
1.027206
1.263357
1.282465
1.261036
