-1.922863
-1.103388
0.09815654
0.2858288
0.02875332
-1.433152
-1.037729
0.8202846
-0.7917355
-0.2050692
-0.8633146
-0.4708619
0.1545968
0.1422156
-0.9652548
-0.2843286
-0.8507407
0.2826248
1.107778
-1.68079
-0.4900149
0.1590324
-0.308259
0.2832465
-2.176446
-2.022868
-0.4891688
0.01351913
-0.144344
1.963215
-0.1912851
1.289438
-1.783803
-1.958148
-0.03253488
-0.3553127
0.01142348
0.2481458
0.56946
0.6450066
0.10181
1.542772
0.1468235
-2.92012
-0.4441297
-0.004217523
-1.754035
1.204116
0.4859998
0.5065072
-0.6461442
1.125467
0.1703408
0.7082728
0.1935287
-0.5177938
0.3476342
0.8357677
1.156783
0.06411369
1.874708
1.470102
2.442902
0.8468052
1.061188
-0.3592076
1.852215
2.673123
2.386843
0.5815414
0.4907919
1.762639
0.4467093
-0.1120272
-1.272514
0.5681813
-0.5285866
0.3369023
-0.4263046
-0.5576903
-0.741182
-0.05022401
0.2682541
0.5810078
-0.6743451
0.391433
-0.4254038
-1.458695
-1.174281
-0.5917482
-0.5373376
0.7110267
0.02852863
0.7928661
-0.4823336
-1.243324
-0.2246108
-1.626617
0.5930515
-1.837014
-2.062771
-1.195847
-1.532522
-2.067894
-1.954747
-0.03410238
-0.08753341
-1.477668
-0.1514923
-0.2983644
-0.9132985
-0.38192
0.4746837
-0.4780083
-0.9967095
-0.9569737
-0.1819657
0.7941945
0.7001153
-0.8486005
2.068638
0.5217593
0.1331988
0.2848704
1.311638
0.824325
1.445237
1.892347
1.455281
1.954437
-0.1635023
0.5760016
-1.422863
0.5266104
-2.045561
-0.02865834
-0.6771299
-0.2381552
0.4359152
1.079379
-1.368035
-0.2555647
-0.7943445
-1.388722
-0.5083831
-2.210399
0.003461054
-0.01005761
-2.21349
0.4779406
0.5021356
-0.2175045
0.7252943
-0.8440406
-0.03640585
0.239183
0.3688709
-0.6454227
-1.447483
-1.119298
-0.1023779
0.8255602
-1.251776
1.028291
0.9444618
-0.5978343
0.6143037
-0.7476198
0.1129076
0.756974
1.237176
0.4253507
-0.3128685
-0.6609529
0.1795519
0.4956589
0.5103818
-0.1038723
0.6718019
0.3672793
-0.3523638
0.6956578
0.05495759
-1.510376
0.3816329
1.055197
-0.6422157
-1.912223
0.7658852
0.3989101
-0.3355584
-0.7820519
1.107357
2.181622
1.089292
2.289856
1.65232
1.903606
2.561601
-0.3115544
1.18756
1.57591
2.047231
1.649035
1.70225
0.8762776
0.4302002
1.268217
-0.7385672
0.5862805
1.906834
1.098794
1.7554
-0.07392263
0.957225
-0.2101727
0.605675
0.4567748
-0.3644126
-0.07049063
1.148052
0.1061776
-0.3888801
0.4733091
0.4995145
-0.1588364
0.1297536
0.6802707
-0.4436985
0.1995649
-0.2139211
0.03596543
0.900069
0.8884686
0.1637062
-0.3757252
-0.2814269
1.557979
1.404159
0.1329227
0.01655814
-1.02666
0.1737316
0.3327874
-0.7981009
-0.4750361
-0.8850993
-1.503479
-1.180424
-0.6619157
0.2594074
-0.4422918
0.06995137
-1.939243
-0.9032049
-0.7829896
-1.47145
-1.447746
0.2205275
-0.41969
-1.137177
-0.8861313
-0.3542657
-1.553252
0.3402542
-1.785475
0.6665557
-1.55052
1.378364
-1.46809
-0.6857139
0.3769086
-0.7601962
1.50312
0.06030159
0.3436725
1.222079
-0.1253254
-0.7624736
-0.8601246
-0.4443535
-0.7016317
0.05763298
-0.7752956
-0.6274454
-0.353355
-1.415189
-0.5009586
-1.132018
-0.8742779
0.3161783
-0.3927333
-0.9581555
-0.8758938
-1.134864
-0.0328689
0.3613965
0.1038638
-1.613672
-1.25928
1.233994
0.2436436
-0.3956676
-0.6293733
1.387377
-0.3955769
0.6701709
1.423603
-0.7479585
0.2064443
0.1125978
0.7399246
0.4735978
1.667356
1.18189
-1.368626
0.3160743
1.53327
-0.215947
-0.1569067
1.503534
1.738531
1.186497
1.831178
0.4830011
1.918384
1.77083
3.195038
2.752885
0.1294249
0.9833831
0.9593914
0.5556203
0.2048092
0.6650015
1.196892
0.2659878
0.1855535
-0.02286811
0.1307093
-0.3004866
-0.0242985
1.005431
-0.3059064
0.3406827
0.04212837
-0.6236332
0.6863804
-0.6808301
-0.009783723
0.4088191
0.1479944
0.6039839
-1.041088
0.2263169
-0.6193178
-0.4131255
-1.819181
0.5142732
0.855486
-1.205535
-0.3555685
0.1267161
-0.2660496
-0.3782869
0.5101424
-0.7469397
-0.7735112
-0.2520159
-1.122213
-2.472157
-1.651964
-0.4535909
0.3276543
-0.7452542
0.6097256
1.28099
-0.2288757
-0.477476
1.083922
-0.5376542
0.3640339
0.5748569
0.3088559
-0.1601416
-1.122774
-0.3231889
-0.04829709
-0.4528094
-0.01258153
-0.9267759
-0.9429907
-0.9804094
-0.09309139
-0.8533789
0.5586483
-0.3503183
0.7469634
-0.5390704
0.4215258
-0.2944121
0.1128954
-0.5792418
0.7319953
-0.2422937
-0.3041629
-0.2165094
-0.3521957
-0.7052568
0.07775092
-0.1851259
-0.1276274
0.02382248
-0.2512247
-1.448918
0.2252247
-0.1992365
-0.586266
0.006009054
0.2214963
0.3412589
1.460187
1.30329
2.276616
1.098846
1.542258
1.681148
0.0524129
1.207104
0.692065
1.030753
1.630586
-1.060196
-0.08022485
-0.7995509
-0.5611048
-1.620236
-2.51151
-1.075869
-0.610771
-0.3556022
-3.382935
-1.249183
-0.8253538
0.971734
-0.4804626
0.432
-1.078795
1.630046
0.4625256
-0.06466302
0.2710542
1.586841
0.9779006
0.6162311
-0.9881912
-0.626121
-0.5890223
0.2274178
-0.2281734
-0.9291648
-1.793411
-0.2760613
0.02184621
0.08525453
-1.165501
-0.2983185
-0.3552177
-0.1634433
0.7603948
0.163563
-0.334339
-1.266138
0.3868932
0.1873608
0.9665583
-0.7504825
0.2134567
0.5347802
-0.4026444
