1.381789
-0.4917882
0.2951849
0.04619656
0.1540483
-0.08795297
1.254653
-0.3221589
0.2056057
0.4813588
0.357852
1.679686
0.6958502
1.043213
1.773342
1.027649
0.1863327
0.5476564
-0.03295448
2.09132
2.653951
-0.2202875
0.3685346
0.1772837
-0.04025216
0.7687868
0.8589556
2.106468
0.9731885
1.289667
2.042547
1.548713
2.664751
1.436617
-0.2102284
0.6919029
0.4022122
0.08142874
-0.8435964
-0.08490019
0.6427404
-1.106047
-1.569206
-0.9150903
-1.058304
-0.6835938
0.2363327
-0.1986058
0.6827121
-0.02446653
-0.8048434
-1.140717
0.04400946
-0.6821418
-1.362931
-0.8918689
0.542672
-1.36028
-0.3913513
-0.8799616
-1.132781
-0.8524951
-0.2633899
-1.412826
-0.6702533
-1.070412
-1.682899
-0.05395275
-1.680651
-0.5446262
-0.6386908
-0.2260226
0.5380765
-0.1575966
-1.063336
-0.9627155
-0.6750321
1.60551
0.4623995
-0.09086519
-0.8666683
0.07707318
-0.6881891
-0.7045599
0.4776444
1.618902
1.665846
1.542508
-0.3818873
-0.3545706
0.7808704
-0.3187537
0.02434397
0.9930137
1.643306
1.272869
1.736226
2.462491
0.6887758
1.240758
1.151977
0.4616668
0.2895052
0.3009152
0.7950451
0.8017427
0.6719666
0.4498942
-0.1638469
-0.2823516
-1.543875
-1.000536
-0.6945738
-0.2484825
0.3272154
-1.684231
-0.4856685
2.147904
-0.1839671
0.01638274
-1.873326
-0.806043
-1.989451
-0.4788812
-1.533497
-1.8693
-0.748512
-0.6867247
-0.5192938
0.3290326
-0.9727728
-0.7640879
0.5956826
-0.7521533
0.3623539
-0.4732602
0.7532191
1.526956
1.545683
-0.3276685
-0.8225674
-0.7820097
1.160709
0.2476864
-0.05422165
1.663672
0.964543
0.4764991
-0.5544573
1.098716
-0.4598528
2.702963
-0.2823992
0.6013418
1.275537
-0.1520181
0.6711435
0.1255307
0.619009
-0.5081894
-0.1482902
0.6006842
0.6148474
1.379348
-0.9000642
-0.3325633
0.7222428
-0.8886547
-0.2463868
-0.2440329
-0.8073604
0.6225579
-0.5636044
-0.05419278
-1.128517
0.2399921
-1.598407
-0.495589
-0.005171048
-0.05212697
0.7929295
-0.6846465
-1.194717
0.2835323
0.8593045
0.07536039
0.8624335
-0.2556434
-0.7695919
-1.017313
1.087485
0.2786615
-2.159134
-1.736182
-0.6633405
-0.3737026
-1.516299
-1.93569
-1.825788
-0.1406943
-2.072756
-1.627878
-1.421047
-1.803177
-1.311464
-1.283867
0.3318417
0.5836806
-0.04694624
-1.133254
-0.1799529
0.3517723
0.9147466
0.3133113
0.8010955
0.2186441
-1.183679
-0.4786244
-0.5817843
0.3718755
-1.268026
-1.515154
-1.026098
-1.053723
-3.550596
-0.9982508
-0.608762
-0.1489822
-0.4211158
1.204484
0.4856527
0.558019
-0.0736971
-0.7535982
-1.033079
-2.641898
0.2538258
0.3481312
-1.6524
-0.02389032
-0.5399948
0.2775705
0.6127014
-0.6877071
-0.06176082
0.5658016
-0.2671023
-0.7488903
-0.4349426
0.06965468
-0.2143457
-1.384707
-0.6268814
1.043955
1.134664
0.4840036
1.461896
1.514668
1.04799
-0.5723397
2.167353
1.497105
-1.05384
1.68039
-0.03356587
0.4178986
0.2149189
0.6709777
-0.01544409
0.6638659
-0.9776514
1.008167
0.3347024
-0.09402075
-0.6236444
0.05675359
-0.5008678
0.4683459
0.7147822
-0.8935795
0.04608184
2.647814
2.441274
-0.01849326
1.582942
0.3109098
2.158375
-0.2976806
0.7862463
-0.1466175
-0.7235134
-0.9490402
-1.062599
0.6141146
0.3084171
0.8478447
1.234544
-0.2493881
0.04914686
0.6523468
-0.4826849
0.5935716
0.1682933
-0.3714766
0.8687654
0.9723551
-0.8781769
-0.2997517
-0.7904221
-0.6914788
-0.2474338
-0.4589189
-0.1974981
0.08148608
-1.160303
-0.01735919
-0.7066364
-1.443305
-0.08974343
-0.03980026
-0.4575232
-0.5158604
-0.3650074
0.7852543
-1.701317
-1.234261
-1.682073
-0.2252855
-0.8169623
-2.342972
-2.331291
-1.390324
-1.31563
-0.8414323
-2.253903
-1.222048
-0.03535932
-1.176311
0.7683563
-1.638044
1.101463
-1.240787
-0.5910928
-0.1504715
-0.4182311
1.131466
-0.7091422
-0.6360908
0.5476235
-0.3882965
-0.2771891
-0.6637583
-0.2549731
0.737709
-0.2595365
-0.0977173
1.719136
-0.1404058
-0.5013183
-0.1228063
0.9232616
0.3722348
1.307985
0.789122
0.2915295
-0.5870272
0.8722891
2.647687
1.512928
-0.3316124
-0.1757412
1.136425
1.058354
-1.370102
-0.4328688
-0.9904918
0.01671247
-0.5388201
-0.9001254
-0.6371691
0.2270079
0.2442032
-0.8972171
-0.1757738
0.6431259
-0.24349
-0.4768969
0.0009115774
-0.3680811
1.23018
-0.2082602
-0.6156523
0.7356638
-0.8933828
1.69516
-0.5944844
-0.3679715
-1.060758
0.2603955
0.673799
-0.09802979
-0.08111208
-0.5928535
1.236132
0.5595374
-0.8215123
0.670347
0.1469253
1.276648
-0.231358
0.6961354
0.3344876
-0.8208364
-0.211666
0.3990102
1.617931
0.9723763
1.260651
-0.6069933
0.710263
-0.6221653
-0.860387
-0.6033766
-0.3209451
-1.32975
-0.7649294
-0.1426212
-2.690348
-1.411068
-0.7819495
0.05160173
-0.8720364
0.3422708
-0.2898785
1.626808
-0.06062441
1.722561
-0.1413975
0.6196416
-1.000321
-1.06816
-0.7064257
0.1255376
0.3242751
-1.0688
0.7707079
-0.5180581
0.6316529
2.650737
1.277598
1.979776
0.05095477
-0.09761738
2.495183
1.157416
0.08090039
0.9268479
1.742962
0.01581015
0.6439029
0.2033997
0.7808959
1.080022
0.65466
1.628397
1.292414
-0.7051691
1.166028
0.2023576
-0.008537835
0.01056147
0.1276873
0.5107324
-0.05603667
1.366851
0.9886377
-0.09117471
-1.648649
0.961601
-0.08321735
