0.1911252
-2.056996
-0.3443586
0.1693445
0.2893128
-0.4254871
-0.188388
-0.3555635
-0.4913594
-0.7093546
0.4068538
-1.181992
0.8008283
1.384401
1.991393
1.084248
0.5883206
0.8462628
0.5948997
0.5506451
0.5513381
1.278786
-0.9051144
0.3286523
-0.2653548
-0.5184226
-2.30353
-1.71116
-0.9128392
-0.6019382
-0.9947864
-1.034621
-0.9350688
-0.09303558
-0.2887741
-0.6388394
0.235912
-0.1343299
1.100101
0.7729483
1.158884
0.7262703
0.9111579
0.8795763
1.171973
0.5375643
0.3897798
0.3464322
-0.0826975
0.3635066
0.6568148
0.999041
0.8389126
1.4017
0.8744318
0.5285047
0.2312887
0.2921485
-0.7211545
0.1826111
-0.9551837
0.3166969
-0.8022388
-1.957253
-1.830149
-2.071443
-2.255933
-2.659251
-1.930335
-2.344623
-2.292178
-0.1733577
-0.4946153
-0.3584526
1.605601
-1.304489
-0.4511718
-0.7112056
-0.568851
-0.3714173
0.0231067
-1.073034
-0.01059372
-0.1908786
0.5925174
0.9598781
0.3262306
1.01043
-0.1933254
0.07407997
0.04325614
0.2232592
0.2669108
0.3518026
1.141716
-0.2174018
-0.6978534
-0.5123847
1.323466
-0.6412315
0.04219235
0.5683265
-0.1513559
-0.2864383
-0.5913833
1.905324
0.9633065
-1.318462
-0.6876526
1.554917
0.2595566
-0.7629848
-1.00694
-0.9604942
-0.7593219
-0.9307595
-0.7548027
-0.996506
-1.933897
-1.415248
-0.6826946
-0.004066988
0.3389
0.9863006
0.6289044
1.467817
1.149701
0.2690899
0.5173088
-0.1943779
0.7634858
-1.268982
0.5803728
0.1377307
-0.2719798
1.301589
0.08985959
0.2920076
0.2242873
0.8556474
0.638956
0.310076
0.1325159
0.7946056
-0.7504428
1.038029
1.111275
1.505508
0.8283826
0.4489564
-0.5307893
-0.1808524
-0.08914191
0.9312925
0.6145404
0.302952
-0.7154896
-0.5423874
1.668942
0.1304684
1.065754
0.8502336
0.5425432
0.4513464
1.63044
0.7055212
0.7417297
0.4232601
-1.936487
-0.7870066
-0.7919145
-0.2013102
-0.2454088
-0.7283465
-0.04624416
-0.3895335
-0.7967602
-0.2021923
1.146941
0.4395039
-0.7848973
-1.075101
0.03610589
-0.0885279
-0.5874027
-0.8121839
-0.960126
-0.237987
0.2077481
0.368577
-1.630321
0.06035095
0.04655943
-1.464648
-0.1074319
0.04548928
-0.08818794
-0.5588621
-1.144771
-1.10745
-0.1316861
-1.27514
-1.486415
-0.750012
0.9584352
1.56891
1.804037
0.7430972
0.6487053
0.1059936
0.4686719
0.7191787
-0.6289936
0.1890308
1.847553
-0.02318978
-0.2136305
0.1129587
0.5083289
1.00874
1.032878
1.253313
1.282355
1.119148
2.207568
1.067237
1.653918
0.905489
1.330428
-0.3937698
1.560759
0.5566762
1.383492
1.593617
1.242221
1.114061
0.8961845
0.4929838
1.518328
0.3828716
1.237736
1.28339
2.018997
1.146751
1.071588
1.591473
1.332679
1.205236
1.268078
1.267764
1.527526
1.27798
-0.2903028
-1.710447
-1.585863
-1.398998
-1.898685
-1.054981
-1.013169
-1.334975
-1.570137
0.01305674
0.6417823
-1.452142
-0.5194995
-0.4762112
-1.493158
0.03841261
-0.9993811
-0.6739963
0.03591201
-0.3770542
0.1421437
-0.8612663
-0.3818567
1.124112
-2.250057
-1.252397
-2.16992
0.5762452
-0.6443313
-0.8175417
0.1010441
-0.5188605
-0.461396
-0.4073085
-0.6757056
0.62409
-0.5282207
-0.3747917
0.07580566
0.7925367
0.5604193
-0.2508333
0.6464722
0.5696569
0.2898902
0.4822798
0.6649812
-0.1951762
-0.1678611
-1.46208
-0.4341456
-0.6181108
-0.6035469
-0.3739411
-0.2524814
-0.3562216
-0.3592106
-0.4888859
-1.012372
0.3352824
-0.314287
1.180158
-1.227064
-0.6520631
-0.1853075
-1.131641
-0.4300233
-0.2538822
-0.2876489
-0.5571023
-0.6779602
0.3641643
2.153821
1.736881
0.1694627
0.7683766
1.195027
0.9589161
0.4964849
0.8221309
0.2155363
0.4934081
0.8123335
0.03753199
-0.8906444
-1.285751
0.1337751
-0.4123321
-0.9746736
-0.7713884
-0.791464
0.02026456
-0.1576965
0.6522358
-0.3662902
-0.20947
1.170376
-0.3922743
-0.9881209
-0.1575333
0.04803957
0.2880569
0.2401027
-0.003887032
0.09784956
-0.02663789
-0.2103192
0.6798908
0.5157519
0.552012
0.3010941
-0.1495535
-0.0436497
0.6976919
0.02807644
0.2422358
0.09449933
0.4159151
1.068481
0.7827466
1.944594
1.200695
0.57068
1.660654
1.066332
1.227711
1.606318
1.367094
1.005883
0.6519328
-0.1457689
0.908192
-1.145162
-3.242945
-2.132994
-3.196757
-1.960844
-2.573728
-1.940688
-2.291605
-2.770454
-2.780583
-3.43431
-1.560686
0.8964165
0.9643044
-1.696437
-1.455089
-0.9523164
-1.170583
-0.706763
-1.052971
-1.225935
-1.00296
-1.283121
0.6031269
-1.096182
0.530909
-0.9158479
-0.2933174
0.06269263
0.04899219
-0.6718393
-0.3052251
-0.5341293
-0.5332788
-0.2434334
-0.9204745
-0.1221629
0.8376153
-0.9263155
-0.3715211
0.1034422
0.1999541
0.07445571
0.2772645
-0.1976987
-0.1806637
0.01369648
0.366012
1.227405
1.516188
2.332056
1.114543
1.205134
1.626265
1.063043
1.741256
2.398363
1.117503
1.770498
0.3677604
0.1443837
-0.02197851
-0.9725049
-0.7123075
-0.2998849
0.03577606
-0.09730178
0.5016323
-0.613553
0.5823126
-0.1541359
-1.709857
0.2739842
-0.1930263
0.3777666
0.1525431
0.1338861
0.037538
0.43085
1.038822
0.7713476
0.3424535
0.5303069
1.20717
0.8201227
0.6371888
-1.410677
-0.6952389
-0.2952676
-0.6959926
0.1563794
-0.3189334
0.1170522
-0.4214952
-0.1082785
0.8543444
