0.00000 -0.00004 0.00002 -0.00008 -0.00000 0.00004 -0.12987 0.00000 -0.01632 0.00010 0.00000 -0.00000
0.05499 0.00000 0.00176 0.00155 0.13650 0.03214 -0.07258 0.25445 0.15504 -0.60603 -0.34258 -0.00071
0.01388 -0.00008 0.00000 -0.00000 -0.00117 -0.00348 -0.00414 0.00892 -0.02767 0.00001 0.43119 0.00000
-0.02851 -0.00163 -1.21034 0.00000 -0.11841 -0.02560 -0.26927 -0.03954 -0.04127 0.21545 -0.00368 0.00000
-0.47045 -0.00002 0.00004 -0.00005 0.00000 0.00019 -0.03118 0.13280 -0.01208 0.00016 0.00000 -0.00002
0.08083 -0.00002 0.01318 -0.00009 0.05336 0.00000 -0.05283 0.10664 0.02066 0.00001 0.05532 -0.00001
0.00001 0.00000 0.00032 -0.00001 0.00009 0.00006 0.00000 0.00000 0.21287 -0.00001 0.00002 -0.00003
0.38525 -0.00000 0.00009 -0.00019 0.00004 0.00004 0.94971 0.00000 -0.25178 0.00001 0.00001 -0.00003
0.00022 0.00000 -0.00043 -0.00002 -0.00010 -0.00002 -0.00000 -0.00000 0.00000 0.00008 0.00006 -0.00028
0.02491 -0.00000 0.23275 -0.00000 -0.03735 0.44086 -0.06253 -0.15107 0.05452 0.00000 0.11146 -0.00000
0.49300 -0.00001 0.00000 -0.00001 0.53521 -0.00003 -0.03780 0.31805 -0.01611 0.00006 0.00000 -0.00000
0.27330 0.00235 1.57159 0.81342 -0.25122 -0.44037 0.13316 -0.22032 -0.04372 -0.46540 -0.07373 0.00000
